# relative_time, cycles_done, cur_path, paths_total, pending_total, pending_favs, map_size, unique_crashes, unique_hangs, max_depth, execs_per_sec, total_execs, edges_found
60, 0, 0, 379, 352, 76, 22.84%, 0, 0, 6, 2093.94, 141597, 1031
66, 0, 370, 381, 352, 97, 22.84%, 0, 0, 6, 2043.51, 151785, 1031
71, 0, 190, 395, 358, 93, 23.17%, 0, 0, 6, 2081.55, 162333, 1046
76, 0, 2, 414, 371, 89, 23.33%, 0, 0, 6, 2255.31, 173828, 1053
81, 0, 218, 430, 384, 92, 23.42%, 0, 0, 6, 2265.27, 185927, 1057
86, 0, 218, 437, 391, 92, 23.44%, 0, 0, 6, 2307.52, 197444, 1058
91, 0, 218, 444, 398, 92, 23.48%, 0, 0, 6, 2212.64, 208906, 1060
96, 0, 344, 451, 401, 91, 23.64%, 0, 0, 6, 2151.89, 220067, 1067
101, 0, 417, 463, 410, 88, 24.01%, 0, 0, 6, 2213.61, 231185, 1084
106, 0, 417, 472, 419, 88, 24.28%, 0, 0, 6, 2367.99, 243473, 1096
111, 0, 417, 473, 420, 88, 24.41%, 0, 0, 6, 2254.08, 254810, 1102
116, 0, 312, 487, 429, 91, 24.48%, 0, 0, 6, 2116.89, 265414, 1105
121, 0, 441, 513, 451, 101, 25.10%, 0, 0, 6, 2050.15, 276236, 1133
127, 0, 364, 516, 448, 95, 25.10%, 0, 0, 6, 1975.89, 286244, 1133
132, 0, 167, 516, 441, 88, 25.10%, 0, 0, 6, 2131.05, 297063, 1133
137, 0, 518, 523, 440, 82, 25.21%, 0, 0, 7, 2256.02, 308543, 1138
142, 0, 487, 549, 461, 97, 25.76%, 0, 0, 7, 2448.95, 321290, 1163
147, 0, 487, 556, 468, 97, 25.76%, 0, 0, 7, 2343.97, 332892, 1163
152, 0, 487, 556, 468, 97, 25.76%, 0, 0, 7, 2407.55, 345454, 1163
157, 0, 254, 557, 468, 97, 25.76%, 0, 0, 7, 2337.08, 357045, 1163
162, 0, 92, 557, 463, 93, 25.76%, 0, 0, 7, 2401.02, 369599, 1163
167, 0, 504, 562, 461, 88, 26.25%, 0, 0, 7, 2319.76, 381306, 1185
172, 0, 310, 575, 468, 85, 26.38%, 0, 0, 7, 2418.04, 393523, 1191
177, 0, 553, 578, 465, 81, 26.63%, 0, 0, 7, 2416.82, 406137, 1202
182, 0, 583, 600, 481, 81, 27.05%, 0, 0, 7, 2385.72, 418086, 1221
187, 0, 257, 627, 506, 79, 27.14%, 0, 0, 7, 2055.33, 427976, 1225
192, 0, 257, 632, 511, 79, 27.14%, 0, 0, 7, 2338.13, 439884, 1225
198, 0, 257, 633, 512, 79, 27.14%, 0, 0, 7, 2330.32, 452017, 1225
203, 0, 531, 643, 516, 78, 27.16%, 0, 0, 7, 2245.32, 463436, 1226
208, 0, 571, 653, 523, 76, 27.32%, 0, 0, 7, 2326.16, 475263, 1233
213, 0, 466, 656, 520, 77, 27.32%, 0, 0, 7, 2125.71, 486455, 1233
218, 0, 359, 661, 518, 73, 27.38%, 0, 0, 7, 2256.92, 497528, 1236
223, 0, 491, 663, 512, 67, 27.40%, 0, 0, 7, 2292.65, 508928, 1237
228, 0, 558, 674, 516, 63, 27.54%, 0, 0, 7, 2318.46, 520942, 1243
233, 0, 558, 684, 526, 63, 27.60%, 0, 0, 7, 2352.15, 532408, 1246
238, 0, 558, 687, 529, 63, 27.60%, 0, 0, 7, 2196.31, 543332, 1246
243, 0, 196, 687, 528, 65, 27.60%, 0, 0, 7, 2162.84, 554146, 1246
248, 0, 530, 690, 524, 58, 27.60%, 0, 0, 7, 1959.23, 563249, 1246
253, 0, 572, 695, 523, 52, 27.63%, 0, 0, 7, 2062.33, 573431, 1247
259, 0, 424, 700, 521, 47, 27.63%, 0, 0, 7, 2259.88, 585303, 1247
264, 0, 619, 724, 544, 46, 27.69%, 0, 0, 7, 2003.14, 595527, 1250
269, 0, 619, 729, 549, 46, 27.69%, 0, 0, 7, 2017.28, 605547, 1250
274, 0, 619, 730, 550, 46, 27.69%, 0, 0, 7, 2245.49, 617510, 1250
279, 0, 692, 735, 553, 46, 27.71%, 0, 0, 8, 2000.45, 627209, 1251
284, 0, 701, 741, 558, 45, 27.74%, 0, 0, 8, 2415.47, 639842, 1252
289, 0, 441, 743, 555, 42, 27.74%, 0, 0, 8, 2465.52, 652189, 1252
294, 0, 676, 750, 558, 41, 27.85%, 0, 0, 8, 2377.57, 664192, 1257
299, 0, 697, 761, 563, 39, 27.98%, 0, 0, 8, 2261.19, 675293, 1263
304, 0, 474, 766, 560, 33, 28.02%, 0, 0, 8, 2308.48, 686710, 1265
309, 0, 481, 772, 561, 29, 28.02%, 0, 0, 8, 2324.19, 697712, 1265
315, 0, 253, 785, 570, 25, 28.02%, 0, 0, 8, 2426.91, 710191, 1265
320, 0, 253, 790, 575, 25, 28.02%, 0, 0, 8, 2435.41, 722948, 1265
325, 0, 744, 791, 573, 23, 28.02%, 0, 0, 8, 2154.41, 733607, 1265
330, 0, 778, 793, 570, 19, 28.11%, 0, 0, 8, 2414.20, 746205, 1269
335, 0, 622, 798, 569, 17, 28.38%, 0, 0, 8, 2204.31, 757580, 1281
340, 0, 796, 808, 575, 17, 28.44%, 0, 0, 9, 2259.69, 768878, 1284
345, 0, 796, 814, 581, 17, 28.44%, 0, 0, 9, 2210.30, 780366, 1284
350, 0, 796, 818, 585, 17, 28.44%, 0, 0, 9, 2221.46, 791486, 1284
356, 0, 791, 822, 584, 15, 28.49%, 0, 0, 9, 2363.75, 803997, 1286
361, 0, 795, 825, 581, 11, 28.53%, 0, 0, 9, 2419.39, 816465, 1288
366, 0, 443, 826, 581, 10, 28.53%, 0, 0, 9, 2273.57, 828373, 1288
371, 0, 571, 827, 580, 8, 28.53%, 0, 0, 9, 2337.69, 840104, 1288
376, 0, 744, 827, 579, 7, 28.53%, 0, 0, 9, 2273.68, 851834, 1288
381, 0, 744, 827, 576, 4, 28.53%, 0, 0, 9, 2436.45, 864208, 1288
387, 0, 824, 827, 575, 3, 28.53%, 0, 0, 9, 2471.71, 876780, 1288
392, 0, 821, 830, 575, 2, 28.53%, 0, 0, 9, 2325.39, 888482, 1288
397, 0, 744, 830, 573, 0, 28.53%, 0, 0, 9, 2050.71, 899439, 1288
402, 0, 179, 830, 573, 0, 28.53%, 0, 0, 9, 1893.41, 908462, 1288
407, 0, 744, 831, 574, 0, 28.53%, 0, 0, 9, 2057.34, 919215, 1288
412, 0, 744, 831, 574, 0, 28.53%, 0, 0, 9, 2339.78, 931119, 1288
417, 0, 666, 834, 577, 0, 28.53%, 0, 0, 9, 2307.12, 942697, 1288
422, 0, 666, 838, 581, 0, 28.53%, 0, 0, 9, 2247.25, 954531, 1288
427, 0, 836, 840, 583, 1, 28.53%, 0, 0, 9, 2239.62, 966098, 1288
432, 0, 598, 840, 581, 0, 28.53%, 0, 0, 9, 2328.57, 978194, 1288
437, 0, 491, 840, 581, 0, 28.53%, 0, 0, 9, 2164.69, 988753, 1288
442, 0, 310, 840, 581, 0, 28.53%, 0, 0, 9, 2184.47, 999668, 1288
447, 0, 740, 841, 582, 0, 28.53%, 0, 0, 9, 2231.22, 1010839, 1288
453, 0, 371, 842, 582, 1, 28.56%, 0, 0, 9, 2177.13, 1021817, 1289
458, 0, 651, 844, 581, 1, 28.56%, 0, 0, 9, 2101.27, 1033132, 1289
463, 0, 744, 846, 581, 1, 28.56%, 0, 0, 9, 2175.29, 1044678, 1289
468, 0, 843, 847, 580, 1, 28.56%, 0, 0, 9, 2351.01, 1056585, 1289
473, 0, 293, 847, 579, 0, 28.56%, 0, 0, 9, 2511.48, 1069010, 1289
478, 0, 744, 847, 579, 0, 28.56%, 0, 0, 9, 2485.30, 1081627, 1289
483, 0, 744, 847, 579, 0, 28.56%, 0, 0, 9, 2271.25, 1093517, 1289
488, 0, 744, 848, 580, 0, 28.56%, 0, 0, 9, 2277.62, 1104991, 1289
493, 0, 666, 848, 580, 0, 28.56%, 0, 0, 9, 2410.11, 1117696, 1289
499, 0, 740, 848, 580, 0, 28.56%, 0, 0, 9, 2442.70, 1130377, 1289
504, 0, 454, 848, 580, 0, 28.56%, 0, 0, 9, 2356.29, 1142323, 1289
509, 0, 312, 849, 581, 0, 28.56%, 0, 0, 9, 2193.01, 1153335, 1289
514, 0, 744, 850, 582, 0, 28.56%, 0, 0, 9, 2192.54, 1164310, 1289
519, 0, 642, 850, 582, 0, 28.56%, 0, 0, 9, 2031.06, 1174846, 1289
524, 0, 692, 850, 582, 0, 28.56%, 0, 0, 9, 2009.76, 1185684, 1289
529, 0, 850, 851, 582, 0, 28.56%, 0, 0, 9, 2369.13, 1198317, 1289
534, 0, 179, 851, 582, 0, 28.56%, 0, 0, 9, 2497.12, 1211125, 1289
539, 0, 821, 851, 582, 0, 28.56%, 0, 0, 9, 2237.23, 1222469, 1289
544, 0, 793, 851, 582, 0, 28.56%, 0, 0, 9, 2161.12, 1233587, 1289
549, 0, 744, 851, 582, 0, 28.56%, 0, 0, 9, 2217.29, 1244835, 1289
554, 0, 427, 852, 583, 1, 28.58%, 0, 0, 9, 2340.10, 1256787, 1290
560, 0, 666, 854, 584, 2, 28.62%, 0, 0, 9, 2418.39, 1269535, 1292
565, 0, 851, 854, 584, 2, 28.62%, 0, 0, 9, 2337.31, 1281195, 1292
570, 0, 744, 858, 585, 1, 28.67%, 0, 0, 9, 2327.10, 1293054, 1294
575, 0, 727, 859, 585, 1, 28.67%, 0, 0, 10, 2305.60, 1304562, 1294
580, 0, 858, 860, 586, 1, 28.67%, 0, 0, 11, 2132.23, 1315310, 1294
585, 0, 850, 860, 585, 0, 28.67%, 0, 0, 11, 2185.63, 1326490, 1294
590, 0, 850, 860, 585, 0, 28.67%, 0, 0, 11, 2057.29, 1336751, 1294
595, 0, 744, 860, 585, 0, 28.67%, 0, 0, 11, 2207.86, 1348587, 1294
600, 0, 553, 860, 585, 0, 28.67%, 0, 0, 11, 2156.76, 1359514, 1294
606, 0, 658, 860, 585, 0, 28.67%, 0, 0, 11, 2394.60, 1372160, 1294
611, 0, 850, 861, 586, 0, 28.67%, 0, 0, 11, 2264.37, 1383669, 1294
616, 0, 746, 861, 586, 0, 28.67%, 0, 0, 11, 2400.16, 1396565, 1294
621, 0, 792, 861, 586, 0, 28.67%, 0, 0, 11, 2433.83, 1408754, 1294
626, 0, 427, 861, 586, 0, 28.67%, 0, 0, 11, 2276.63, 1420502, 1294
631, 0, 744, 861, 586, 0, 28.67%, 0, 0, 11, 2345.61, 1432036, 1294
636, 0, 454, 861, 586, 0, 28.67%, 0, 0, 11, 2304.28, 1444292, 1294
641, 0, 179, 861, 586, 0, 28.67%, 0, 0, 11, 1757.88, 1453346, 1294
646, 0, 390, 861, 586, 0, 28.67%, 0, 0, 11, 1902.82, 1463076, 1294
651, 0, 862, 863, 588, 2, 28.67%, 0, 0, 11, 2052.42, 1473501, 1294
657, 0, 95, 863, 587, 1, 28.67%, 0, 0, 11, 2150.48, 1485264, 1294
662, 0, 863, 864, 587, 1, 28.67%, 0, 0, 11, 2156.84, 1496247, 1294
667, 0, 792, 864, 586, 0, 28.67%, 0, 0, 11, 2310.16, 1508157, 1294
672, 0, 179, 864, 586, 0, 28.67%, 0, 0, 11, 2211.64, 1519125, 1294
677, 0, 793, 864, 586, 0, 28.67%, 0, 0, 11, 2302.16, 1531215, 1294
682, 0, 527, 864, 586, 0, 28.67%, 0, 0, 11, 2208.01, 1542162, 1294
687, 0, 701, 864, 586, 0, 28.67%, 0, 0, 11, 2372.71, 1554176, 1294
692, 0, 792, 864, 586, 0, 28.67%, 0, 0, 11, 2405.97, 1566503, 1294
697, 0, 677, 864, 586, 0, 28.67%, 0, 0, 11, 2323.77, 1578071, 1294
702, 0, 285, 864, 586, 0, 28.67%, 0, 0, 11, 2112.65, 1589073, 1294
707, 0, 131, 865, 587, 1, 28.71%, 0, 0, 11, 2070.95, 1599444, 1296
712, 0, 744, 866, 587, 0, 28.71%, 0, 0, 11, 2241.16, 1611253, 1296
717, 0, 845, 866, 586, 0, 28.71%, 0, 0, 11, 2281.55, 1622808, 1296
723, 0, 539, 866, 586, 0, 28.71%, 0, 0, 11, 2191.12, 1633986, 1296
728, 0, 461, 866, 586, 0, 28.71%, 0, 0, 11, 2076.12, 1644808, 1296
733, 0, 424, 866, 586, 0, 28.71%, 0, 0, 11, 2318.56, 1657039, 1296
738, 0, 567, 868, 588, 0, 28.71%, 0, 0, 11, 2425.97, 1669322, 1296
743, 0, 677, 868, 588, 0, 28.71%, 0, 0, 11, 2290.90, 1680888, 1296
748, 0, 744, 869, 589, 1, 28.73%, 0, 0, 11, 2389.62, 1692961, 1297
753, 0, 868, 870, 589, 1, 28.75%, 0, 0, 11, 2229.62, 1703963, 1298
758, 0, 521, 870, 588, 1, 28.75%, 0, 0, 11, 2257.77, 1715095, 1298
763, 0, 727, 870, 588, 1, 28.75%, 0, 0, 11, 2132.37, 1725699, 1298
768, 0, 742, 870, 588, 1, 28.75%, 0, 0, 11, 2411.98, 1737706, 1298
773, 0, 763, 870, 588, 1, 28.75%, 0, 0, 11, 2282.40, 1748746, 1298
778, 0, 539, 870, 588, 1, 28.75%, 0, 0, 11, 2440.67, 1760942, 1298
783, 0, 539, 871, 588, 0, 28.75%, 0, 0, 11, 2284.20, 1772622, 1298
788, 0, 744, 872, 589, 1, 28.78%, 0, 0, 11, 2223.77, 1783594, 1299
793, 0, 701, 872, 587, 0, 28.78%, 0, 0, 11, 1921.82, 1793242, 1299
798, 0, 744, 872, 587, 0, 28.78%, 0, 0, 11, 2264.86, 1805109, 1299
803, 0, 744, 872, 587, 0, 28.78%, 0, 0, 11, 2382.83, 1817198, 1299
808, 0, 744, 872, 587, 0, 28.78%, 0, 0, 11, 2306.85, 1828818, 1299
813, 0, 539, 872, 587, 0, 28.78%, 0, 0, 11, 2307.39, 1840490, 1299
818, 0, 841, 872, 587, 0, 28.78%, 0, 0, 11, 2160.18, 1851060, 1299
824, 0, 427, 873, 588, 0, 28.78%, 0, 0, 11, 1969.86, 1861671, 1299
829, 0, 792, 873, 588, 0, 28.78%, 0, 0, 11, 2168.22, 1873103, 1299
834, 0, 845, 873, 588, 0, 28.78%, 0, 0, 11, 2259.60, 1885081, 1299
839, 0, 763, 873, 588, 0, 28.78%, 0, 0, 11, 2212.08, 1896102, 1299
844, 0, 850, 873, 588, 0, 28.78%, 0, 0, 11, 2224.90, 1907253, 1299
849, 0, 744, 874, 589, 0, 28.78%, 0, 0, 11, 2303.13, 1918801, 1299
854, 0, 179, 874, 589, 0, 28.78%, 0, 0, 11, 2148.76, 1930258, 1299
859, 0, 862, 875, 590, 1, 28.84%, 0, 0, 11, 2127.31, 1940640, 1302
864, 0, 701, 875, 589, 1, 28.84%, 0, 0, 11, 2053.84, 1950770, 1302
870, 0, 744, 875, 589, 1, 28.84%, 0, 0, 11, 2479.13, 1964058, 1302
875, 0, 424, 875, 587, 1, 28.84%, 0, 0, 11, 2497.87, 1976536, 1302
880, 0, 262, 880, 592, 1, 28.84%, 0, 0, 11, 2567.48, 1989394, 1302
885, 0, 371, 880, 590, 1, 28.84%, 0, 0, 11, 2300.02, 2001358, 1302
890, 0, 874, 882, 592, 1, 28.95%, 0, 0, 11, 2372.67, 2013275, 1307
895, 0, 191, 882, 588, 1, 28.95%, 0, 0, 11, 2421.34, 2025815, 1307
900, 0, 850, 884, 588, 2, 28.98%, 0, 0, 11, 2413.59, 2037735, 1308
905, 1, 884, 886, 590, 3, 29.00%, 0, 0, 11, 2502.46, 2050690, 1309
910, 1, 594, 886, 588, 2, 29.00%, 0, 0, 11, 2544.02, 2063362, 1309
915, 1, 886, 887, 588, 2, 29.02%, 0, 0, 11, 2320.79, 2075222, 1310
920, 1, 862, 888, 588, 1, 29.02%, 0, 0, 11, 2387.72, 2087655, 1310
925, 1, 744, 889, 587, 1, 29.02%, 0, 0, 11, 2389.99, 2099600, 1310
930, 1, 744, 889, 585, 0, 29.02%, 0, 0, 11, 2347.45, 2111522, 1310
935, 1, 701, 889, 585, 0, 29.02%, 0, 0, 11, 2412.26, 2123696, 1310
940, 1, 526, 889, 585, 0, 29.02%, 0, 0, 11, 2540.42, 2136669, 1310
946, 1, 424, 890, 585, 0, 29.02%, 0, 0, 11, 2215.51, 2148010, 1310
951, 1, 744, 891, 586, 0, 29.02%, 0, 0, 11, 2545.66, 2161491, 1310
956, 1, 742, 891, 586, 0, 29.02%, 0, 0, 11, 2611.40, 2175180, 1310
961, 1, 543, 891, 586, 0, 29.02%, 0, 0, 11, 2227.68, 2186060, 1310
966, 1, 744, 891, 585, 0, 29.02%, 0, 0, 11, 2542.11, 2199489, 1310
971, 1, 883, 891, 585, 0, 29.02%, 0, 0, 11, 2265.83, 2211087, 1310
977, 1, 539, 891, 585, 0, 29.02%, 0, 0, 11, 2179.50, 2222111, 1310
982, 1, 424, 891, 585, 0, 29.02%, 0, 0, 11, 2317.25, 2234053, 1310
987, 1, 558, 891, 585, 0, 29.02%, 0, 0, 11, 2248.70, 2244981, 1310
992, 1, 567, 891, 585, 0, 29.02%, 0, 0, 11, 2328.69, 2257111, 1310
997, 1, 427, 891, 585, 0, 29.02%, 0, 0, 11, 2370.32, 2268894, 1310
1002, 1, 891, 892, 586, 1, 29.11%, 0, 0, 11, 2484.03, 2281875, 1314
1007, 1, 892, 894, 587, 1, 29.13%, 0, 0, 11, 2357.70, 2293680, 1315
1012, 1, 744, 894, 586, 0, 29.13%, 0, 0, 11, 2506.32, 2306278, 1315
1017, 1, 850, 895, 587, 1, 29.15%, 0, 0, 11, 2533.63, 2319474, 1316
1022, 1, 179, 895, 587, 1, 29.15%, 0, 0, 11, 2544.16, 2332298, 1316
1027, 1, 744, 896, 588, 1, 29.15%, 0, 0, 11, 2498.10, 2344950, 1316
1032, 1, 539, 898, 587, 0, 29.20%, 0, 0, 11, 2481.62, 2357572, 1318
1037, 1, 539, 899, 588, 1, 29.20%, 0, 0, 11, 2219.12, 2369100, 1318
1042, 1, 701, 899, 588, 1, 29.20%, 0, 0, 11, 2345.10, 2381824, 1318
1048, 1, 744, 899, 588, 1, 29.20%, 0, 0, 11, 2383.29, 2393968, 1318
1053, 1, 744, 899, 587, 0, 29.20%, 0, 0, 11, 2627.66, 2407232, 1318
1058, 1, 701, 900, 588, 0, 29.20%, 0, 0, 11, 2529.87, 2420470, 1318
1063, 1, 49, 900, 588, 0, 29.20%, 0, 0, 11, 2624.16, 2434228, 1318
1068, 1, 744, 900, 588, 0, 29.20%, 0, 0, 11, 2431.53, 2446511, 1318
1073, 1, 744, 900, 588, 0, 29.20%, 0, 0, 11, 2694.10, 2460722, 1318
1078, 1, 792, 901, 589, 0, 29.20%, 0, 0, 11, 2668.11, 2474116, 1318
1084, 1, 181, 901, 589, 0, 29.20%, 0, 0, 11, 2726.51, 2488514, 1318
1089, 1, 135, 901, 589, 0, 29.20%, 0, 0, 11, 2587.21, 2501366, 1318
1094, 1, 134, 904, 592, 0, 29.20%, 0, 0, 11, 2504.64, 2513810, 1318
1099, 1, 494, 904, 592, 0, 29.20%, 0, 0, 11, 2372.48, 2526274, 1318
1104, 1, 744, 906, 594, 0, 29.20%, 0, 0, 11, 2398.65, 2538347, 1318
1109, 1, 650, 906, 594, 0, 29.20%, 0, 0, 11, 2442.68, 2550584, 1318
1114, 1, 744, 906, 594, 0, 29.20%, 0, 0, 11, 2609.06, 2563793, 1318
1119, 1, 744, 906, 594, 0, 29.20%, 0, 0, 11, 2394.11, 2575660, 1318
1124, 1, 355, 906, 594, 0, 29.20%, 0, 0, 11, 2401.82, 2587652, 1318
1129, 1, 744, 906, 594, 0, 29.20%, 0, 0, 11, 2127.21, 2598587, 1318
1134, 1, 845, 906, 594, 0, 29.20%, 0, 0, 11, 2178.19, 2609397, 1318
1139, 1, 792, 906, 594, 0, 29.20%, 0, 0, 11, 2319.09, 2621689, 1318
1144, 1, 861, 906, 594, 0, 29.20%, 0, 0, 11, 2590.95, 2635246, 1318
1149, 1, 793, 907, 595, 0, 29.24%, 0, 0, 11, 2675.25, 2649225, 1320
1155, 1, 907, 909, 595, 1, 29.26%, 0, 0, 11, 2625.19, 2662380, 1321
1160, 1, 907, 913, 599, 1, 29.26%, 0, 0, 11, 2373.56, 2674455, 1321
1165, 1, 913, 917, 600, 3, 29.26%, 0, 0, 11, 2552.43, 2687802, 1321
1170, 1, 883, 918, 599, 2, 29.26%, 0, 0, 11, 2594.45, 2700973, 1321
1175, 1, 744, 920, 599, 2, 29.26%, 0, 0, 11, 2656.29, 2714299, 1321
1180, 1, 314, 921, 598, 0, 29.26%, 0, 0, 12, 2600.74, 2727416, 1321
1185, 1, 744, 921, 598, 0, 29.26%, 0, 0, 12, 2580.55, 2740908, 1321
1190, 1, 795, 921, 598, 0, 29.26%, 0, 0, 12, 2470.56, 2753241, 1321
1195, 1, 470, 921, 598, 0, 29.26%, 0, 0, 12, 2618.99, 2766532, 1321
1200, 1, 744, 921, 598, 0, 29.26%, 0, 0, 12, 2582.86, 2779935, 1321
1205, 1, 134, 921, 598, 0, 29.26%, 0, 0, 12, 2582.32, 2793408, 1321
1211, 1, 744, 921, 598, 0, 29.26%, 0, 0, 12, 2677.96, 2807385, 1321
1216, 1, 881, 921, 597, 0, 29.26%, 0, 0, 12, 2709.99, 2820937, 1321
1221, 1, 856, 921, 597, 0, 29.26%, 0, 0, 12, 2523.62, 2833459, 1321
1226, 1, 152, 921, 597, 0, 29.26%, 0, 0, 12, 2568.10, 2846667, 1321
1231, 1, 131, 922, 598, 0, 29.26%, 0, 0, 12, 2659.36, 2860286, 1321
1236, 1, 530, 923, 599, 0, 29.26%, 0, 0, 12, 2657.83, 2873821, 1321
1241, 1, 907, 924, 599, 0, 29.26%, 0, 0, 12, 2724.57, 2887949, 1321
1246, 1, 539, 924, 599, 0, 29.26%, 0, 0, 12, 2607.28, 2901022, 1321
1251, 1, 845, 924, 599, 0, 29.26%, 0, 0, 12, 2582.23, 2913938, 1321
1256, 1, 850, 924, 599, 0, 29.26%, 0, 0, 12, 2674.63, 2927953, 1321
1262, 1, 370, 924, 597, 0, 29.26%, 0, 0, 12, 2659.57, 2941818, 1321
1267, 1, 886, 924, 597, 0, 29.26%, 0, 0, 12, 2671.66, 2955605, 1321
1272, 1, 744, 925, 598, 0, 29.26%, 0, 0, 12, 2711.28, 2969770, 1321
1277, 1, 421, 925, 598, 0, 29.26%, 0, 0, 12, 2257.06, 2980553, 1321
1282, 1, 744, 925, 598, 0, 29.26%, 0, 0, 12, 2116.92, 2991057, 1321
1287, 1, 152, 925, 598, 0, 29.26%, 0, 0, 12, 2123.09, 3002042, 1321
1292, 1, 869, 925, 598, 0, 29.26%, 0, 0, 12, 2280.49, 3013499, 1321
1297, 1, 364, 925, 598, 0, 29.26%, 0, 0, 12, 2308.15, 3025103, 1321
1302, 1, 850, 925, 598, 0, 29.26%, 0, 0, 12, 2462.44, 3038162, 1321
1308, 1, 135, 925, 597, 0, 29.26%, 0, 0, 12, 2486.42, 3051126, 1321
1313, 1, 427, 925, 597, 0, 29.26%, 0, 0, 12, 2393.18, 3062638, 1321
1318, 1, 910, 925, 597, 0, 29.26%, 0, 0, 12, 2446.92, 3075196, 1321
1323, 1, 299, 927, 598, 0, 29.26%, 0, 0, 12, 2203.30, 3086238, 1321
1328, 1, 651, 927, 598, 0, 29.26%, 0, 0, 12, 2156.71, 3096877, 1321
1333, 1, 744, 929, 599, 0, 29.26%, 0, 0, 12, 2372.35, 3109197, 1321
1338, 1, 886, 929, 599, 0, 29.26%, 0, 0, 12, 2247.55, 3120655, 1321
1343, 1, 818, 930, 600, 0, 29.26%, 0, 0, 12, 2163.71, 3131213, 1321
1348, 1, 742, 932, 602, 0, 29.26%, 0, 0, 12, 2166.54, 3142495, 1321
1353, 1, 386, 932, 602, 0, 29.26%, 0, 0, 12, 2321.15, 3154782, 1321
1358, 1, 744, 933, 603, 0, 29.26%, 0, 0, 12, 2247.90, 3166123, 1321
1364, 1, 594, 933, 603, 0, 29.26%, 0, 0, 12, 2422.98, 3178559, 1321
1369, 1, 744, 934, 604, 0, 29.26%, 0, 0, 12, 2503.64, 3191759, 1321
1374, 1, 496, 934, 604, 0, 29.26%, 0, 0, 12, 2369.95, 3203151, 1321
1379, 1, 285, 934, 604, 0, 29.26%, 0, 0, 12, 2313.14, 3214993, 1321
1384, 1, 891, 935, 605, 1, 29.26%, 0, 0, 12, 2293.79, 3226523, 1321
1389, 1, 744, 936, 605, 0, 29.26%, 0, 0, 12, 2371.43, 3238587, 1321
1394, 1, 744, 936, 605, 0, 29.26%, 0, 0, 12, 2419.91, 3251208, 1321
1399, 1, 152, 936, 605, 0, 29.26%, 0, 0, 12, 2276.42, 3262782, 1321
1404, 1, 871, 936, 605, 0, 29.26%, 0, 0, 12, 2190.40, 3273576, 1321
1409, 1, 841, 936, 605, 0, 29.26%, 0, 0, 12, 2328.15, 3285555, 1321
1415, 1, 850, 936, 605, 0, 29.26%, 0, 0, 12, 2443.83, 3298175, 1321
1420, 1, 744, 936, 605, 0, 29.26%, 0, 0, 12, 2413.10, 3310554, 1321
1425, 1, 744, 936, 605, 0, 29.26%, 0, 0, 12, 2400.79, 3322633, 1321
1430, 1, 179, 938, 607, 0, 29.26%, 0, 0, 12, 2391.46, 3335091, 1321
1435, 1, 744, 938, 607, 0, 29.26%, 0, 0, 12, 2295.86, 3346364, 1321
1440, 1, 864, 938, 607, 0, 29.26%, 0, 0, 12, 2280.12, 3357942, 1321
1445, 1, 744, 938, 607, 0, 29.26%, 0, 0, 12, 2409.40, 3370133, 1321
1450, 1, 744, 938, 607, 0, 29.26%, 0, 0, 12, 2407.03, 3382174, 1321
1455, 1, 553, 938, 607, 0, 29.26%, 0, 0, 12, 2370.18, 3394032, 1321
1460, 1, 843, 938, 607, 0, 29.26%, 0, 0, 12, 2252.14, 3405497, 1321
1466, 1, 852, 938, 607, 0, 29.26%, 0, 0, 12, 2186.20, 3416549, 1321
1471, 1, 850, 938, 607, 0, 29.26%, 0, 0, 12, 2347.81, 3428847, 1321
1476, 1, 744, 938, 607, 0, 29.26%, 0, 0, 12, 2164.96, 3439567, 1321
1481, 1, 516, 938, 607, 0, 29.26%, 0, 0, 12, 2291.01, 3451219, 1321
1486, 1, 376, 938, 607, 0, 29.26%, 0, 0, 12, 2400.56, 3463438, 1321
1491, 1, 308, 939, 608, 1, 29.26%, 0, 0, 12, 2325.73, 3474712, 1321
1496, 1, 850, 940, 608, 0, 29.26%, 0, 0, 12, 2341.49, 3486494, 1321
1501, 1, 49, 940, 608, 0, 29.26%, 0, 0, 12, 2453.12, 3498799, 1321
1506, 1, 134, 940, 608, 0, 29.26%, 0, 0, 12, 2369.10, 3510871, 1321
1511, 1, 744, 940, 607, 0, 29.26%, 0, 0, 12, 2209.22, 3521839, 1321
1516, 1, 285, 940, 607, 0, 29.26%, 0, 0, 12, 2259.47, 3533213, 1321
1521, 1, 658, 940, 607, 0, 29.26%, 0, 0, 12, 2483.03, 3546086, 1321
1527, 1, 199, 940, 607, 0, 29.26%, 0, 0, 12, 2554.99, 3559026, 1321
1532, 1, 740, 940, 607, 0, 29.26%, 0, 0, 12, 2598.53, 3572724, 1321
1537, 1, 727, 941, 607, 0, 29.26%, 0, 0, 12, 2642.24, 3586564, 1321
1542, 1, 134, 941, 607, 0, 29.26%, 0, 0, 12, 2657.56, 3599928, 1321
1547, 1, 539, 941, 607, 0, 29.26%, 0, 0, 12, 2692.65, 3613327, 1321
1552, 1, 850, 941, 607, 0, 29.26%, 0, 0, 12, 2592.93, 3626483, 1321
1557, 1, 179, 941, 607, 0, 29.26%, 0, 0, 12, 2359.59, 3638327, 1321
1562, 1, 765, 941, 607, 0, 29.26%, 0, 0, 12, 2442.12, 3650643, 1321
1567, 1, 594, 941, 607, 0, 29.26%, 0, 0, 12, 2494.38, 3663760, 1321
1573, 1, 813, 941, 607, 0, 29.26%, 0, 0, 12, 2343.39, 3675732, 1321
1578, 1, 792, 941, 606, 0, 29.26%, 0, 0, 12, 2225.28, 3687361, 1321
1583, 1, 356, 941, 606, 0, 29.26%, 0, 0, 12, 2012.66, 3697505, 1321
1588, 1, 727, 943, 608, 1, 29.26%, 0, 0, 12, 2319.81, 3709147, 1321
1593, 1, 132, 943, 606, 1, 29.26%, 0, 0, 12, 2593.19, 3722633, 1321
1598, 1, 744, 943, 605, 0, 29.26%, 0, 0, 12, 2560.10, 3736025, 1321
1603, 1, 152, 943, 603, 0, 29.26%, 0, 0, 12, 2304.70, 3748018, 1321
1608, 1, 744, 943, 603, 0, 29.26%, 0, 0, 12, 2212.15, 3759116, 1321
1614, 1, 744, 943, 603, 0, 29.26%, 0, 0, 12, 2515.13, 3772631, 1321
1619, 1, 912, 943, 603, 0, 29.26%, 0, 0, 12, 2351.61, 3784366, 1321
1624, 1, 744, 944, 603, 0, 29.26%, 0, 0, 12, 2476.95, 3796638, 1321
1629, 1, 368, 944, 603, 0, 29.26%, 0, 0, 12, 2280.45, 3808164, 1321
1634, 1, 744, 944, 603, 0, 29.26%, 0, 0, 12, 2556.64, 3821273, 1321
1639, 1, 152, 944, 603, 0, 29.26%, 0, 0, 12, 2210.68, 3832173, 1321
1644, 1, 364, 945, 603, 0, 29.26%, 0, 0, 12, 2272.24, 3844233, 1321
1649, 1, 744, 945, 603, 0, 29.26%, 0, 0, 12, 2180.46, 3855613, 1321
1654, 1, 293, 945, 603, 0, 29.26%, 0, 0, 12, 2325.96, 3867628, 1321
1659, 1, 862, 945, 603, 0, 29.26%, 0, 0, 12, 2542.37, 3880573, 1321
1664, 1, 578, 945, 602, 0, 29.26%, 0, 0, 12, 2553.39, 3893994, 1321
1670, 1, 744, 948, 603, 2, 29.26%, 0, 0, 12, 2589.94, 3907193, 1321
1675, 1, 744, 948, 601, 1, 29.26%, 0, 0, 12, 2580.83, 3920598, 1321
1680, 1, 744, 948, 600, 0, 29.26%, 0, 0, 12, 2430.42, 3932579, 1321
1685, 1, 179, 949, 601, 0, 29.26%, 0, 0, 12, 2259.99, 3943950, 1321
1690, 1, 744, 949, 601, 0, 29.26%, 0, 0, 12, 2095.29, 3954141, 1321
1695, 2, 368, 951, 603, 0, 29.26%, 0, 0, 12, 2164.18, 3965393, 1321
1700, 2, 95, 953, 605, 0, 29.26%, 0, 0, 12, 2233.34, 3976891, 1321
1705, 2, 891, 953, 605, 0, 29.26%, 0, 0, 12, 2269.67, 3988233, 1321
1710, 2, 856, 954, 606, 0, 29.26%, 0, 0, 12, 2291.68, 3999633, 1321
1715, 2, 918, 954, 606, 0, 29.26%, 0, 0, 12, 2388.83, 4011537, 1321
1720, 2, 744, 954, 606, 0, 29.26%, 0, 0, 12, 2452.29, 4023923, 1321
1726, 2, 744, 954, 605, 0, 29.26%, 0, 0, 12, 2224.75, 4035241, 1321
1731, 2, 850, 954, 604, 0, 29.26%, 0, 0, 12, 2286.27, 4047026, 1321
1736, 2, 744, 954, 604, 0, 29.26%, 0, 0, 12, 2123.85, 4057391, 1321
1741, 2, 818, 954, 604, 0, 29.26%, 0, 0, 12, 2263.67, 4068946, 1321
1746, 2, 744, 955, 605, 0, 29.26%, 0, 0, 12, 2301.53, 4081038, 1321
1751, 2, 131, 955, 605, 0, 29.26%, 0, 0, 12, 2338.18, 4092855, 1321
1756, 2, 179, 955, 605, 0, 29.26%, 0, 0, 12, 2505.93, 4106091, 1321
1761, 2, 884, 955, 605, 0, 29.26%, 0, 0, 12, 2588.52, 4118903, 1321
1766, 2, 744, 955, 605, 0, 29.26%, 0, 0, 12, 2319.12, 4130511, 1321
1772, 2, 701, 956, 606, 0, 29.29%, 0, 0, 12, 2195.90, 4141923, 1322
1777, 2, 135, 956, 606, 1, 29.29%, 0, 0, 12, 2422.03, 4154748, 1322
1782, 2, 617, 958, 606, 0, 29.29%, 0, 0, 12, 2458.43, 4166871, 1322
1787, 2, 763, 958, 606, 0, 29.29%, 0, 0, 12, 2613.22, 4180583, 1322
1792, 2, 744, 958, 606, 0, 29.29%, 0, 0, 12, 2544.37, 4193600, 1322
1797, 2, 675, 958, 606, 0, 29.29%, 0, 0, 12, 2525.23, 4206404, 1322
1802, 2, 818, 958, 606, 0, 29.29%, 0, 0, 12, 2590.54, 4219750, 1322
1807, 2, 891, 958, 606, 0, 29.29%, 0, 0, 12, 2543.14, 4232519, 1322
1813, 2, 537, 958, 606, 0, 29.29%, 0, 0, 12, 2435.61, 4245322, 1322
1818, 2, 883, 958, 606, 0, 29.29%, 0, 0, 12, 2507.39, 4257808, 1322
1823, 2, 72, 960, 607, 1, 29.29%, 0, 0, 12, 2383.92, 4270044, 1322
1828, 2, 745, 961, 607, 1, 29.29%, 0, 0, 12, 2519.50, 4282695, 1322
1833, 2, 701, 963, 607, 0, 29.53%, 0, 0, 12, 2456.74, 4294600, 1333
1838, 2, 179, 963, 605, 0, 29.53%, 0, 0, 12, 2566.43, 4307510, 1333
1843, 2, 370, 963, 605, 0, 29.53%, 0, 0, 12, 2508.90, 4320761, 1333
1848, 2, 862, 963, 604, 0, 29.53%, 0, 0, 12, 2250.00, 4332014, 1333
1853, 2, 862, 963, 604, 0, 29.53%, 0, 0, 12, 2510.68, 4344790, 1333
1858, 2, 744, 963, 604, 0, 29.53%, 0, 0, 12, 2268.05, 4355682, 1333
1863, 2, 744, 963, 604, 0, 29.53%, 0, 0, 12, 2585.64, 4369299, 1333
1869, 2, 697, 963, 604, 0, 29.53%, 0, 0, 12, 2621.24, 4382967, 1333
1874, 2, 869, 963, 604, 0, 29.53%, 0, 0, 12, 2633.77, 4396114, 1333
1879, 2, 744, 963, 604, 0, 29.53%, 0, 0, 12, 2539.79, 4408926, 1333
1884, 2, 962, 964, 605, 0, 29.55%, 0, 0, 12, 2468.08, 4421369, 1334
1889, 2, 152, 966, 607, 1, 29.55%, 0, 0, 12, 2459.45, 4433178, 1334
1894, 2, 744, 967, 606, 2, 29.62%, 0, 0, 12, 2586.31, 4446641, 1337
1899, 2, 435, 967, 605, 1, 29.62%, 0, 0, 12, 2608.67, 4459804, 1337
1904, 2, 197, 967, 605, 1, 29.62%, 0, 0, 12, 2644.61, 4473033, 1337
1909, 2, 397, 967, 604, 0, 29.62%, 0, 0, 12, 2548.99, 4485906, 1337
1914, 2, 595, 969, 606, 0, 29.62%, 0, 0, 12, 2422.51, 4498244, 1337
1919, 2, 968, 970, 607, 1, 29.62%, 0, 0, 12, 2495.11, 4510254, 1337
1924, 2, 744, 970, 605, 0, 29.62%, 0, 0, 12, 2504.80, 4523290, 1337
1929, 2, 435, 970, 605, 0, 29.62%, 0, 0, 12, 2506.52, 4535880, 1337
1934, 2, 945, 970, 605, 0, 29.62%, 0, 0, 12, 2409.50, 4548117, 1337
1939, 2, 744, 970, 605, 0, 29.62%, 0, 0, 12, 2476.84, 4560386, 1337
1944, 2, 744, 970, 605, 0, 29.62%, 0, 0, 12, 2391.05, 4572040, 1337
1950, 2, 131, 970, 605, 0, 29.62%, 0, 0, 12, 2427.22, 4583475, 1337
1955, 2, 492, 970, 605, 0, 29.62%, 0, 0, 12, 2576.56, 4596578, 1337
1960, 2, 539, 971, 606, 0, 29.62%, 0, 0, 12, 2331.03, 4607667, 1337
1965, 2, 744, 972, 606, 0, 29.62%, 0, 0, 12, 2478.13, 4620370, 1337
1970, 2, 744, 972, 606, 0, 29.62%, 0, 0, 12, 2573.75, 4633822, 1337
1975, 2, 179, 972, 606, 0, 29.62%, 0, 0, 12, 2625.83, 4647082, 1337
1980, 2, 179, 972, 606, 0, 29.62%, 0, 0, 12, 2482.72, 4659015, 1337
1985, 2, 744, 973, 607, 0, 29.62%, 0, 0, 12, 2508.63, 4671828, 1337
1990, 2, 792, 973, 606, 0, 29.62%, 0, 0, 12, 2523.14, 4684507, 1337
1995, 2, 647, 974, 607, 0, 29.62%, 0, 0, 12, 2563.41, 4697280, 1337
2000, 2, 443, 974, 607, 0, 29.62%, 0, 0, 12, 2499.90, 4709759, 1337
2005, 2, 539, 975, 607, 0, 29.62%, 0, 0, 12, 2549.81, 4722365, 1337
2010, 2, 435, 975, 607, 0, 29.62%, 0, 0, 12, 2432.33, 4734019, 1337
2015, 2, 744, 975, 607, 0, 29.62%, 0, 0, 12, 2357.13, 4746461, 1337
2021, 2, 744, 975, 607, 0, 29.62%, 0, 0, 12, 2386.97, 4758876, 1337
2026, 2, 744, 975, 605, 0, 29.62%, 0, 0, 12, 2591.09, 4772496, 1337
2031, 2, 744, 975, 605, 0, 29.62%, 0, 0, 12, 2631.62, 4786202, 1337
2036, 2, 152, 976, 606, 0, 29.62%, 0, 0, 12, 2526.75, 4799502, 1337
2041, 2, 424, 976, 606, 0, 29.62%, 0, 0, 12, 2352.09, 4810555, 1337
2046, 2, 152, 976, 606, 0, 29.62%, 0, 0, 12, 2441.12, 4823085, 1337
2051, 2, 815, 976, 606, 0, 29.62%, 0, 0, 12, 2390.06, 4834935, 1337
2056, 2, 891, 976, 606, 0, 29.62%, 0, 0, 12, 2301.86, 4846844, 1337
2061, 2, 169, 976, 606, 0, 29.62%, 0, 0, 12, 2354.50, 4858980, 1337
2067, 2, 744, 976, 606, 0, 29.62%, 0, 0, 12, 2261.33, 4871004, 1337
2072, 2, 744, 976, 606, 0, 29.62%, 0, 0, 12, 2263.64, 4882108, 1337
2077, 2, 701, 976, 606, 0, 29.62%, 0, 0, 12, 2457.80, 4894927, 1337
2082, 2, 504, 976, 606, 0, 29.62%, 0, 0, 12, 2408.30, 4907501, 1337
2087, 2, 962, 977, 607, 0, 29.62%, 0, 0, 12, 2470.72, 4920202, 1337
2092, 2, 744, 978, 608, 0, 29.62%, 0, 0, 12, 2423.83, 4932191, 1337
2097, 2, 850, 978, 608, 0, 29.62%, 0, 0, 12, 2214.44, 4943882, 1337
2102, 2, 795, 978, 608, 0, 29.62%, 0, 0, 12, 2484.29, 4956794, 1337
2108, 2, 850, 978, 608, 0, 29.62%, 0, 0, 12, 2289.62, 4967989, 1337
2113, 2, 958, 979, 609, 0, 29.62%, 0, 0, 12, 1359.42, 4980386, 1337
2118, 2, 962, 979, 608, 0, 29.62%, 0, 0, 12, 2033.97, 4992215, 1337
2123, 2, 152, 979, 608, 0, 29.62%, 0, 0, 12, 2328.11, 5003883, 1337
2128, 2, 792, 979, 608, 0, 29.62%, 0, 0, 12, 2237.77, 5015774, 1337
2133, 2, 454, 979, 608, 0, 29.62%, 0, 0, 12, 2431.18, 5028620, 1337
2138, 2, 744, 979, 608, 0, 29.62%, 0, 0, 12, 2346.28, 5040768, 1337
2144, 2, 179, 979, 608, 0, 29.62%, 0, 0, 12, 2474.35, 5053712, 1337
2149, 2, 676, 979, 608, 0, 29.62%, 0, 0, 12, 2431.21, 5065854, 1337
2154, 2, 646, 979, 608, 0, 29.62%, 0, 0, 12, 2451.11, 5078602, 1337
2159, 2, 841, 979, 608, 0, 29.62%, 0, 0, 12, 2232.42, 5089495, 1337
2164, 2, 642, 979, 608, 0, 29.62%, 0, 0, 12, 2289.62, 5101455, 1337
2169, 2, 744, 979, 608, 0, 29.62%, 0, 0, 12, 2350.22, 5113220, 1337
2174, 2, 871, 979, 608, 0, 29.62%, 0, 0, 12, 2567.39, 5126586, 1337
2179, 2, 744, 979, 608, 0, 29.62%, 0, 0, 12, 2400.94, 5138750, 1337
2184, 2, 583, 979, 608, 0, 29.62%, 0, 0, 12, 2444.15, 5151127, 1337
2189, 2, 527, 980, 609, 0, 29.62%, 0, 0, 12, 2191.50, 5161609, 1337
2194, 2, 162, 980, 608, 0, 29.62%, 0, 0, 12, 2388.03, 5174387, 1337
2199, 2, 539, 980, 607, 0, 29.62%, 0, 0, 12, 2356.90, 5186902, 1337
2204, 2, 594, 980, 607, 0, 29.62%, 0, 0, 12, 2324.02, 5198817, 1337
2210, 2, 863, 982, 609, 0, 29.62%, 0, 0, 12, 2423.05, 5211359, 1337
2215, 2, 744, 982, 609, 0, 29.62%, 0, 0, 12, 2139.16, 5221812, 1337
2220, 2, 701, 982, 609, 0, 29.62%, 0, 0, 12, 1954.01, 5231559, 1337
2225, 2, 435, 984, 611, 0, 29.62%, 0, 0, 12, 2148.07, 5242400, 1337
2230, 2, 143, 984, 611, 0, 29.62%, 0, 0, 12, 2228.12, 5253921, 1337
2235, 2, 886, 984, 611, 0, 29.62%, 0, 0, 12, 2332.94, 5265606, 1337
2240, 2, 962, 984, 611, 0, 29.62%, 0, 0, 12, 2409.13, 5277615, 1337
2245, 2, 179, 984, 611, 0, 29.62%, 0, 0, 12, 2483.54, 5290380, 1337
2250, 2, 238, 985, 612, 0, 29.62%, 0, 0, 12, 2372.64, 5301986, 1337
2255, 2, 740, 985, 612, 0, 29.62%, 0, 0, 12, 2498.43, 5315119, 1337
2261, 2, 134, 985, 612, 0, 29.62%, 0, 0, 12, 2507.42, 5328142, 1337
2266, 2, 179, 985, 611, 0, 29.62%, 0, 0, 12, 2604.15, 5341717, 1337
2271, 2, 968, 985, 611, 0, 29.62%, 0, 0, 12, 2592.75, 5354657, 1337
2276, 2, 744, 985, 611, 0, 29.62%, 0, 0, 12, 2566.25, 5367843, 1337
2281, 2, 454, 985, 611, 0, 29.62%, 0, 0, 12, 2508.93, 5380615, 1337
2286, 2, 856, 985, 611, 0, 29.62%, 0, 0, 12, 2426.97, 5392691, 1337
2291, 2, 744, 985, 611, 0, 29.62%, 0, 0, 12, 2459.32, 5405610, 1337
2296, 2, 744, 985, 611, 0, 29.62%, 0, 0, 12, 2561.90, 5418611, 1337
2302, 2, 553, 985, 610, 0, 29.62%, 0, 0, 12, 2455.72, 5431151, 1337
2307, 2, 891, 986, 611, 0, 29.62%, 0, 0, 12, 2526.67, 5443870, 1337
2312, 2, 553, 986, 611, 0, 29.62%, 0, 0, 12, 2305.43, 5455323, 1337
2317, 2, 799, 986, 611, 0, 29.62%, 0, 0, 12, 2383.38, 5467308, 1337
2322, 2, 424, 986, 611, 0, 29.62%, 0, 0, 12, 2242.83, 5479062, 1337
2327, 2, 310, 987, 612, 0, 29.71%, 0, 0, 12, 2349.90, 5491158, 1341
2332, 2, 986, 988, 612, 1, 29.73%, 0, 0, 12, 2345.43, 5503695, 1342
2337, 2, 744, 990, 613, 3, 29.77%, 0, 0, 12, 2299.84, 5514973, 1344
2342, 2, 821, 990, 612, 2, 29.77%, 0, 0, 12, 2190.56, 5525766, 1344
2347, 2, 131, 990, 611, 1, 29.77%, 0, 0, 12, 2158.89, 5536675, 1344
2352, 2, 915, 990, 611, 1, 29.77%, 0, 0, 12, 2284.02, 5548293, 1344
2357, 2, 697, 990, 611, 1, 29.77%, 0, 0, 12, 2310.83, 5560017, 1344
2363, 2, 862, 990, 611, 1, 29.77%, 0, 0, 12, 2157.16, 5571015, 1344
2368, 2, 539, 990, 610, 0, 29.77%, 0, 0, 12, 2361.40, 5583340, 1344
2373, 2, 676, 991, 611, 0, 29.77%, 0, 0, 12, 2223.64, 5593982, 1344
2378, 2, 763, 991, 611, 0, 29.77%, 0, 0, 12, 2352.11, 5606291, 1344
2383, 2, 744, 991, 611, 0, 29.77%, 0, 0, 12, 2439.86, 5618566, 1344
2388, 2, 727, 991, 611, 0, 29.77%, 0, 0, 12, 2435.02, 5630845, 1344
2393, 2, 701, 992, 612, 0, 29.77%, 0, 0, 12, 2496.79, 5643302, 1344
2398, 2, 152, 992, 612, 0, 29.77%, 0, 0, 12, 2486.69, 5656200, 1344
2403, 2, 313, 992, 612, 0, 29.77%, 0, 0, 12, 2456.99, 5668170, 1344
2409, 2, 152, 993, 613, 1, 29.80%, 0, 0, 12, 2433.92, 5680759, 1345
2414, 2, 451, 995, 613, 1, 29.80%, 0, 0, 12, 2458.48, 5693062, 1345
2419, 2, 454, 995, 612, 0, 29.80%, 0, 0, 12, 2383.74, 5705144, 1345
2424, 2, 915, 995, 612, 0, 29.80%, 0, 0, 12, 2360.26, 5716812, 1345
2429, 2, 106, 995, 611, 0, 29.80%, 0, 0, 12, 2374.80, 5728858, 1345
2434, 2, 152, 995, 611, 0, 29.80%, 0, 0, 12, 2359.42, 5740989, 1345
2439, 2, 744, 995, 611, 0, 29.80%, 0, 0, 12, 2305.52, 5752708, 1345
2444, 2, 152, 995, 611, 0, 29.80%, 0, 0, 12, 2423.52, 5765007, 1345
2449, 2, 744, 995, 611, 0, 29.80%, 0, 0, 12, 2441.57, 5777785, 1345
2454, 2, 744, 995, 611, 0, 29.80%, 0, 0, 12, 2491.02, 5790724, 1345
2459, 2, 744, 995, 611, 0, 29.80%, 0, 0, 12, 2461.87, 5803147, 1345
2464, 2, 744, 995, 611, 0, 29.80%, 0, 0, 12, 2452.02, 5815819, 1345
2469, 2, 744, 995, 611, 0, 29.80%, 0, 0, 12, 2446.04, 5828048, 1345
2475, 2, 435, 995, 611, 0, 29.80%, 0, 0, 12, 2346.35, 5840219, 1345
2480, 2, 179, 995, 610, 0, 29.80%, 0, 0, 12, 2409.28, 5852291, 1345
2485, 2, 896, 995, 610, 0, 29.80%, 0, 0, 12, 2402.23, 5864595, 1345
2490, 2, 882, 995, 610, 0, 29.80%, 0, 0, 12, 2405.65, 5876730, 1345
2495, 2, 744, 995, 609, 0, 29.80%, 0, 0, 12, 2355.87, 5888278, 1345
2500, 2, 744, 995, 609, 0, 29.80%, 0, 0, 12, 2403.01, 5900410, 1345
2505, 2, 179, 995, 609, 0, 29.80%, 0, 0, 12, 2289.78, 5912264, 1345
2510, 3, 906, 996, 610, 0, 29.80%, 0, 0, 12, 2426.81, 5924448, 1345
2515, 3, 769, 996, 609, 0, 29.80%, 0, 0, 12, 2523.93, 5937701, 1345
2520, 3, 968, 996, 609, 0, 29.80%, 0, 0, 12, 2463.96, 5949994, 1345
2525, 3, 435, 996, 609, 0, 29.80%, 0, 0, 12, 2151.36, 5960241, 1345
2530, 3, 179, 996, 609, 0, 29.80%, 0, 0, 12, 2249.41, 5971837, 1345
2535, 3, 744, 996, 609, 0, 29.80%, 0, 0, 12, 2401.92, 5984256, 1345
2541, 3, 850, 996, 609, 0, 29.80%, 0, 0, 12, 2401.62, 5996853, 1345
2546, 3, 553, 996, 609, 0, 29.80%, 0, 0, 12, 2358.19, 6008912, 1345
2551, 3, 701, 996, 609, 0, 29.80%, 0, 0, 12, 2408.62, 6021543, 1345
2556, 3, 744, 996, 609, 0, 29.80%, 0, 0, 12, 2388.25, 6033043, 1345
2561, 3, 744, 996, 609, 0, 29.80%, 0, 0, 12, 2307.89, 6044678, 1345
2566, 3, 179, 996, 609, 0, 29.80%, 0, 0, 12, 2373.04, 6056642, 1345
2571, 3, 451, 996, 609, 0, 29.80%, 0, 0, 12, 2467.79, 6069567, 1345
2576, 3, 701, 997, 610, 0, 29.80%, 0, 0, 12, 2523.51, 6082324, 1345
2581, 3, 744, 997, 610, 0, 29.80%, 0, 0, 12, 2419.44, 6094418, 1345
2587, 3, 744, 997, 610, 0, 29.80%, 0, 0, 12, 2438.11, 6106426, 1345
2592, 3, 649, 997, 609, 0, 29.80%, 0, 0, 12, 2481.17, 6119236, 1345
2597, 3, 435, 997, 609, 0, 29.80%, 0, 0, 12, 2491.22, 6131726, 1345
2602, 3, 744, 997, 609, 0, 29.80%, 0, 0, 12, 2345.22, 6143589, 1345
2607, 3, 920, 997, 607, 0, 29.80%, 0, 0, 12, 2242.19, 6154708, 1345
2612, 3, 769, 997, 605, 0, 29.80%, 0, 0, 12, 2257.69, 6166333, 1345
2617, 3, 852, 997, 605, 0, 29.80%, 0, 0, 12, 2410.82, 6178707, 1345
2622, 3, 744, 997, 605, 0, 29.80%, 0, 0, 12, 2474.98, 6191460, 1345
2627, 3, 179, 997, 605, 0, 29.80%, 0, 0, 12, 2505.43, 6204360, 1345
2632, 3, 868, 997, 605, 0, 29.80%, 0, 0, 12, 2474.95, 6216930, 1345
2637, 3, 435, 997, 605, 0, 29.80%, 0, 0, 12, 2460.42, 6229253, 1345
2643, 3, 110, 997, 605, 0, 29.80%, 0, 0, 12, 2404.18, 6241718, 1345
2648, 3, 285, 997, 605, 0, 29.80%, 0, 0, 12, 2467.67, 6254264, 1345
2653, 3, 992, 997, 605, 0, 29.80%, 0, 0, 12, 2425.67, 6266866, 1345
2658, 3, 179, 997, 605, 0, 29.80%, 0, 0, 12, 2499.77, 6279850, 1345
2663, 3, 312, 997, 605, 0, 29.80%, 0, 0, 12, 2398.72, 6291870, 1345
2668, 3, 762, 997, 605, 0, 29.80%, 0, 0, 12, 2489.51, 6304860, 1345
2673, 3, 744, 997, 605, 0, 29.80%, 0, 0, 12, 2444.73, 6317167, 1345
2678, 3, 765, 997, 605, 0, 29.80%, 0, 0, 12, 2450.90, 6329966, 1345
2683, 3, 152, 997, 605, 0, 29.80%, 0, 0, 12, 2531.23, 6343252, 1345
2689, 3, 792, 998, 606, 0, 29.80%, 0, 0, 12, 2463.72, 6355471, 1345
2694, 3, 744, 999, 607, 0, 29.80%, 0, 0, 12, 2428.61, 6368148, 1345
2699, 3, 840, 999, 607, 0, 29.80%, 0, 0, 12, 2474.66, 6380589, 1345
2704, 3, 744, 1000, 608, 0, 29.80%, 0, 0, 12, 2405.97, 6392974, 1345
2709, 3, 179, 1000, 608, 0, 29.80%, 0, 0, 12, 2424.47, 6405645, 1345
2714, 3, 371, 1000, 608, 0, 29.80%, 0, 0, 12, 2450.42, 6417988, 1345
2719, 3, 744, 1000, 608, 0, 29.80%, 0, 0, 12, 2438.29, 6430416, 1345
2724, 3, 744, 1000, 608, 0, 29.80%, 0, 0, 12, 2399.68, 6442594, 1345
2729, 3, 744, 1000, 608, 0, 29.80%, 0, 0, 12, 2434.04, 6454852, 1345
2735, 3, 196, 1000, 608, 0, 29.80%, 0, 0, 12, 2417.37, 6467375, 1345
2740, 3, 293, 1000, 608, 0, 29.80%, 0, 0, 12, 2386.65, 6479451, 1345
2745, 3, 296, 1000, 608, 0, 29.80%, 0, 0, 12, 2404.26, 6491811, 1345
2750, 3, 856, 1000, 607, 0, 29.80%, 0, 0, 12, 2367.06, 6504007, 1345
2755, 3, 744, 1000, 607, 0, 29.80%, 0, 0, 12, 2441.11, 6516554, 1345
2760, 3, 180, 1000, 607, 0, 29.80%, 0, 0, 12, 2403.38, 6528655, 1345
2765, 3, 856, 1000, 607, 0, 29.80%, 0, 0, 12, 2352.34, 6540356, 1345
2771, 3, 744, 1000, 607, 0, 29.80%, 0, 0, 12, 2403.47, 6552955, 1345
2776, 3, 918, 1000, 606, 0, 29.80%, 0, 0, 12, 2431.95, 6565531, 1345
2781, 3, 910, 1001, 607, 0, 29.80%, 0, 0, 12, 2427.90, 6577885, 1345
2786, 3, 539, 1001, 607, 0, 29.80%, 0, 0, 12, 2487.56, 6590361, 1345
2791, 3, 762, 1001, 607, 0, 29.80%, 0, 0, 12, 2450.94, 6602716, 1345
2796, 3, 918, 1001, 607, 0, 29.80%, 0, 0, 12, 2470.63, 6615691, 1345
2801, 3, 856, 1001, 607, 0, 29.80%, 0, 0, 12, 2349.66, 6627897, 1345
2806, 3, 179, 1001, 607, 0, 29.80%, 0, 0, 12, 2404.24, 6639955, 1345
2811, 3, 701, 1002, 608, 0, 29.80%, 0, 0, 12, 2411.24, 6652525, 1345
2816, 3, 545, 1002, 608, 0, 29.80%, 0, 0, 12, 2459.09, 6664954, 1345
2822, 3, 545, 1002, 608, 0, 29.80%, 0, 0, 12, 2427.61, 6677555, 1345
2827, 3, 179, 1002, 607, 0, 29.80%, 0, 0, 12, 2396.05, 6689271, 1345
2832, 3, 744, 1002, 605, 0, 29.80%, 0, 0, 12, 2465.53, 6701630, 1345
2837, 3, 135, 1002, 605, 0, 29.80%, 0, 0, 12, 2409.44, 6713733, 1345
2842, 3, 744, 1002, 605, 0, 29.80%, 0, 0, 12, 2381.72, 6725798, 1345
2847, 3, 744, 1002, 605, 0, 29.80%, 0, 0, 12, 2283.33, 6736935, 1345
2852, 3, 427, 1002, 605, 0, 29.80%, 0, 0, 12, 2444.38, 6749604, 1345
2857, 3, 179, 1002, 605, 0, 29.80%, 0, 0, 12, 2420.08, 6761424, 1345
2862, 3, 435, 1002, 605, 0, 29.80%, 0, 0, 12, 2425.08, 6773592, 1345
2867, 3, 583, 1002, 605, 0, 29.80%, 0, 0, 12, 2468.98, 6785980, 1345
2872, 3, 744, 1002, 605, 0, 29.80%, 0, 0, 12, 2421.05, 6798074, 1345
2877, 3, 851, 1004, 607, 0, 29.80%, 0, 0, 12, 2412.82, 6810643, 1345
2882, 3, 293, 1004, 607, 0, 29.80%, 0, 0, 12, 2423.80, 6822977, 1345
2887, 3, 792, 1004, 607, 0, 29.80%, 0, 0, 12, 2343.67, 6834874, 1345
2892, 3, 744, 1004, 607, 0, 29.80%, 0, 0, 12, 2306.21, 6846895, 1345
2897, 3, 862, 1004, 607, 0, 29.80%, 0, 0, 12, 2396.60, 6858761, 1345
2903, 3, 891, 1004, 607, 0, 29.80%, 0, 0, 12, 2234.77, 6870168, 1345
2908, 3, 285, 1004, 607, 0, 29.80%, 0, 0, 12, 2424.71, 6883025, 1345
2913, 3, 744, 1004, 607, 0, 29.80%, 0, 0, 12, 2230.49, 6894262, 1345
2918, 3, 744, 1004, 607, 0, 29.80%, 0, 0, 12, 2361.34, 6906467, 1345
2923, 3, 744, 1005, 608, 0, 29.80%, 0, 0, 12, 2295.38, 6918055, 1345
2928, 3, 594, 1005, 608, 0, 29.80%, 0, 0, 12, 2428.87, 6930813, 1345
2933, 3, 891, 1005, 608, 0, 29.80%, 0, 0, 12, 2453.71, 6943234, 1345
2939, 3, 537, 1005, 608, 0, 29.80%, 0, 0, 12, 2486.76, 6956113, 1345
2944, 3, 744, 1005, 608, 0, 29.80%, 0, 0, 12, 2460.52, 6968538, 1345
2949, 3, 285, 1006, 609, 0, 29.80%, 0, 0, 12, 2489.04, 6981218, 1345
2954, 3, 744, 1006, 609, 0, 29.80%, 0, 0, 12, 2522.99, 6994314, 1345
2959, 3, 744, 1006, 609, 0, 29.80%, 0, 0, 12, 2523.63, 7007361, 1345
2964, 3, 135, 1006, 609, 0, 29.80%, 0, 0, 12, 2397.64, 7019108, 1345
2969, 3, 744, 1006, 609, 0, 29.80%, 0, 0, 12, 2262.03, 7030835, 1345
2974, 3, 856, 1006, 609, 0, 29.80%, 0, 0, 12, 2120.55, 7041772, 1345
2980, 3, 315, 1006, 609, 0, 29.80%, 0, 0, 12, 2154.36, 7053229, 1345
2985, 3, 744, 1006, 609, 0, 29.80%, 0, 0, 12, 2257.58, 7064841, 1345
2990, 3, 131, 1006, 609, 0, 29.80%, 0, 0, 12, 2135.16, 7075831, 1345
2995, 3, 744, 1006, 609, 0, 29.80%, 0, 0, 12, 2137.95, 7086768, 1345
3000, 3, 532, 1007, 610, 0, 29.80%, 0, 0, 12, 2223.17, 7098047, 1345
3005, 3, 435, 1007, 609, 0, 29.80%, 0, 0, 12, 2261.21, 7109789, 1345
3010, 3, 958, 1007, 609, 0, 29.80%, 0, 0, 12, 2278.90, 7121221, 1345
3016, 3, 906, 1008, 609, 1, 29.82%, 0, 0, 12, 2296.71, 7132978, 1346
3021, 3, 744, 1008, 609, 1, 29.82%, 0, 0, 12, 2195.71, 7144153, 1346
3026, 3, 744, 1009, 609, 1, 29.93%, 0, 0, 12, 2233.71, 7155681, 1351
3031, 3, 1008, 1014, 614, 1, 29.95%, 0, 0, 12, 2213.01, 7166884, 1352
3036, 3, 1008, 1015, 615, 1, 29.97%, 0, 0, 12, 2185.82, 7177652, 1353
3041, 3, 1013, 1016, 615, 3, 29.97%, 0, 0, 13, 2212.15, 7189065, 1353
3046, 3, 179, 1017, 615, 2, 29.97%, 0, 0, 13, 2255.36, 7200662, 1353
3051, 3, 692, 1017, 614, 1, 29.97%, 0, 0, 13, 2352.48, 7212816, 1353
3056, 3, 742, 1017, 613, 1, 29.97%, 0, 0, 13, 2429.99, 7225168, 1353
3062, 3, 744, 1017, 613, 1, 29.97%, 0, 0, 13, 2389.15, 7237624, 1353
3067, 3, 744, 1017, 613, 1, 29.97%, 0, 0, 13, 2197.19, 7248536, 1353
3072, 3, 744, 1017, 612, 0, 29.97%, 0, 0, 13, 2384.95, 7261162, 1353
3077, 3, 856, 1017, 612, 0, 29.97%, 0, 0, 13, 2435.38, 7273366, 1353
3082, 3, 966, 1018, 613, 0, 29.97%, 0, 0, 13, 2319.27, 7285536, 1353
3087, 3, 314, 1018, 613, 0, 29.97%, 0, 0, 13, 2408.06, 7298035, 1353
3092, 3, 744, 1018, 613, 0, 29.97%, 0, 0, 13, 2447.90, 7310708, 1353
3098, 3, 763, 1018, 613, 0, 29.97%, 0, 0, 13, 2308.13, 7322281, 1353
3103, 3, 435, 1018, 613, 0, 29.97%, 0, 0, 13, 2383.06, 7334721, 1353
3108, 3, 744, 1018, 613, 0, 29.97%, 0, 0, 13, 2446.65, 7346980, 1353
3113, 3, 861, 1018, 613, 0, 29.97%, 0, 0, 13, 2400.41, 7359033, 1353
3118, 3, 152, 1018, 612, 0, 29.97%, 0, 0, 13, 2426.21, 7371647, 1353
3123, 3, 744, 1018, 611, 0, 29.97%, 0, 0, 13, 2461.64, 7384072, 1353
3128, 3, 649, 1018, 611, 0, 29.97%, 0, 0, 13, 2276.04, 7395022, 1353
3133, 3, 744, 1018, 611, 0, 29.97%, 0, 0, 13, 2413.97, 7407739, 1353
3138, 3, 850, 1018, 611, 0, 29.97%, 0, 0, 13, 2451.62, 7420416, 1353
3143, 3, 898, 1019, 612, 0, 29.97%, 0, 0, 13, 2377.16, 7432269, 1353
3148, 3, 467, 1019, 612, 0, 29.97%, 0, 0, 13, 2461.97, 7444743, 1353
3154, 3, 740, 1019, 612, 0, 29.97%, 0, 0, 13, 2474.87, 7457554, 1353
3159, 3, 744, 1019, 612, 0, 29.97%, 0, 0, 13, 2318.37, 7468979, 1353
3164, 3, 1019, 1026, 619, 1, 30.11%, 0, 0, 13, 2387.72, 7481531, 1359
3169, 3, 1022, 1033, 625, 2, 30.11%, 0, 0, 13, 2384.86, 7493605, 1359
3174, 3, 1022, 1033, 625, 2, 30.11%, 0, 0, 13, 2405.70, 7505747, 1359
3179, 3, 152, 1033, 624, 1, 30.11%, 0, 0, 13, 2399.42, 7517940, 1359
3184, 3, 191, 1037, 627, 2, 30.13%, 0, 0, 13, 2456.84, 7530518, 1360
3189, 3, 744, 1037, 627, 2, 30.13%, 0, 0, 13, 2477.56, 7543137, 1360
3194, 3, 1033, 1037, 626, 2, 30.13%, 0, 0, 13, 2403.39, 7555521, 1360
3200, 3, 109, 1040, 628, 1, 30.13%, 0, 0, 13, 2502.44, 7568224, 1360
3205, 3, 1034, 1044, 632, 1, 30.13%, 0, 0, 13, 2402.24, 7580040, 1360
3210, 3, 1034, 1046, 634, 1, 30.13%, 0, 0, 13, 2494.78, 7592816, 1360
3215, 3, 744, 1046, 633, 0, 30.13%, 0, 0, 13, 2477.46, 7605147, 1360
3220, 3, 744, 1046, 633, 0, 30.13%, 0, 0, 13, 2401.17, 7616768, 1360
3225, 3, 915, 1046, 633, 0, 30.13%, 0, 0, 13, 2427.35, 7629533, 1360
3230, 3, 968, 1046, 633, 0, 30.13%, 0, 0, 13, 2478.16, 7642490, 1360
3235, 3, 152, 1046, 633, 0, 30.13%, 0, 0, 13, 2294.37, 7654518, 1360
3240, 3, 467, 1046, 633, 0, 30.13%, 0, 0, 13, 2352.96, 7666760, 1360
3246, 3, 435, 1047, 634, 1, 30.13%, 0, 0, 13, 2146.72, 7677736, 1360
3251, 3, 744, 1048, 634, 1, 30.13%, 0, 0, 13, 2128.98, 7688378, 1360
3256, 3, 942, 1048, 634, 1, 30.13%, 0, 0, 13, 2198.63, 7699805, 1360
3261, 3, 171, 1049, 633, 0, 30.13%, 0, 0, 13, 2283.12, 7711587, 1360
3266, 3, 744, 1049, 632, 0, 30.13%, 0, 0, 13, 2323.67, 7723446, 1360
3271, 3, 179, 1049, 632, 0, 30.13%, 0, 0, 13, 2412.05, 7735945, 1360
3276, 3, 769, 1049, 632, 0, 30.13%, 0, 0, 13, 2223.69, 7747359, 1360
3281, 3, 1010, 1049, 631, 0, 30.13%, 0, 0, 13, 2306.19, 7758665, 1360
3287, 3, 971, 1049, 631, 0, 30.13%, 0, 0, 13, 2331.92, 7770233, 1360
3292, 3, 744, 1049, 631, 0, 30.13%, 0, 0, 13, 2325.60, 7782251, 1360
3297, 3, 942, 1049, 631, 0, 30.13%, 0, 0, 13, 2426.19, 7794962, 1360
3302, 3, 856, 1050, 632, 0, 30.13%, 0, 0, 13, 2454.29, 7807301, 1360
3307, 3, 134, 1050, 632, 0, 30.13%, 0, 0, 13, 2209.77, 7818859, 1360
3312, 3, 152, 1050, 631, 0, 30.13%, 0, 0, 13, 2293.28, 7830757, 1360
3317, 3, 744, 1050, 631, 0, 30.13%, 0, 0, 13, 2414.04, 7843308, 1360
3323, 3, 744, 1050, 631, 0, 30.13%, 0, 0, 13, 2269.14, 7855204, 1360
3328, 3, 744, 1050, 631, 0, 30.13%, 0, 0, 13, 2364.96, 7867528, 1360
3333, 3, 891, 1051, 632, 0, 30.13%, 0, 0, 13, 2255.65, 7879077, 1360
3338, 3, 792, 1051, 632, 0, 30.13%, 0, 0, 13, 2312.17, 7891112, 1360
3343, 3, 968, 1051, 632, 0, 30.13%, 0, 0, 13, 2473.27, 7903774, 1360
3348, 3, 493, 1051, 632, 0, 30.13%, 0, 0, 13, 2512.06, 7916365, 1360
3353, 3, 744, 1051, 632, 0, 30.13%, 0, 0, 13, 2494.69, 7929233, 1360
3358, 4, 701, 1051, 631, 0, 30.13%, 0, 0, 13, 2508.61, 7942266, 1360
3363, 4, 850, 1051, 631, 0, 30.13%, 0, 0, 13, 2348.71, 7953677, 1360
3369, 4, 701, 1051, 631, 0, 30.13%, 0, 0, 13, 2093.17, 7964265, 1360
3374, 4, 645, 1051, 631, 0, 30.13%, 0, 0, 13, 2408.62, 7976966, 1360
3379, 4, 744, 1051, 631, 0, 30.13%, 0, 0, 13, 2544.27, 7989888, 1360
3384, 4, 536, 1051, 631, 0, 30.13%, 0, 0, 13, 2360.89, 8001874, 1360
3389, 4, 744, 1051, 630, 0, 30.13%, 0, 0, 13, 2510.21, 8014950, 1360
3394, 4, 701, 1052, 631, 0, 30.13%, 0, 0, 13, 2457.63, 8027561, 1360
3399, 4, 1010, 1052, 630, 0, 30.13%, 0, 0, 13, 2357.87, 8039502, 1360
3404, 4, 744, 1052, 630, 0, 30.13%, 0, 0, 13, 2365.27, 8051346, 1360
3409, 4, 818, 1052, 630, 0, 30.13%, 0, 0, 13, 2428.69, 8064095, 1360
3415, 4, 179, 1052, 630, 0, 30.13%, 0, 0, 13, 2466.68, 8076956, 1360
3420, 4, 701, 1052, 629, 0, 30.13%, 0, 0, 13, 2472.93, 8089851, 1360
3425, 4, 179, 1052, 629, 0, 30.13%, 0, 0, 13, 2526.03, 8102900, 1360
3430, 4, 744, 1052, 629, 0, 30.13%, 0, 0, 13, 2391.36, 8114690, 1360
3435, 4, 312, 1052, 629, 0, 30.13%, 0, 0, 13, 2451.08, 8126976, 1360
3440, 4, 751, 1052, 629, 0, 30.13%, 0, 0, 13, 2408.03, 8139580, 1360
3445, 4, 744, 1052, 629, 0, 30.13%, 0, 0, 13, 2325.56, 8151048, 1360
3450, 4, 891, 1052, 629, 0, 30.13%, 0, 0, 13, 2333.88, 8162983, 1360
3455, 4, 912, 1052, 629, 0, 30.13%, 0, 0, 13, 2437.75, 8175379, 1360
3460, 4, 744, 1053, 630, 0, 30.13%, 0, 0, 13, 2411.46, 8187477, 1360
3466, 4, 744, 1053, 630, 0, 30.13%, 0, 0, 13, 2444.72, 8200193, 1360
3471, 4, 769, 1053, 630, 0, 30.13%, 0, 0, 13, 2382.04, 8212242, 1360
3476, 4, 792, 1053, 630, 0, 30.13%, 0, 0, 13, 2393.52, 8224451, 1360
3481, 4, 317, 1053, 630, 0, 30.13%, 0, 0, 13, 2441.16, 8237125, 1360
3486, 4, 179, 1053, 630, 0, 30.13%, 0, 0, 13, 2371.18, 8249168, 1360
3491, 4, 910, 1053, 630, 0, 30.13%, 0, 0, 13, 2215.66, 8259946, 1360
3496, 4, 1022, 1053, 630, 0, 30.13%, 0, 0, 13, 2381.46, 8272439, 1360
3501, 4, 744, 1053, 630, 0, 30.13%, 0, 0, 13, 2463.32, 8285380, 1360
3507, 4, 742, 1053, 630, 0, 30.13%, 0, 0, 13, 2458.67, 8297569, 1360
3512, 4, 829, 1055, 632, 2, 30.13%, 0, 0, 13, 2418.38, 8310225, 1360
3517, 4, 900, 1055, 630, 1, 30.13%, 0, 0, 13, 2463.69, 8322605, 1360
3522, 4, 594, 1056, 630, 0, 30.13%, 0, 0, 13, 2284.86, 8333662, 1360
3527, 4, 744, 1057, 631, 0, 30.13%, 0, 0, 13, 2388.81, 8346093, 1360
3532, 4, 1010, 1057, 631, 0, 30.13%, 0, 0, 13, 2409.62, 8358683, 1360
3537, 4, 775, 1057, 631, 0, 30.13%, 0, 0, 13, 2481.15, 8371193, 1360
3542, 4, 963, 1057, 630, 0, 30.13%, 0, 0, 13, 2483.79, 8384159, 1360
3548, 4, 963, 1059, 632, 0, 30.13%, 0, 0, 13, 2404.46, 8396472, 1360
3553, 4, 744, 1059, 632, 0, 30.13%, 0, 0, 13, 2352.52, 8408220, 1360
3558, 4, 815, 1059, 632, 0, 30.13%, 0, 0, 13, 2373.24, 8420675, 1360
3563, 4, 815, 1059, 632, 0, 30.13%, 0, 0, 13, 2315.75, 8432670, 1360
3568, 4, 744, 1059, 632, 0, 30.13%, 0, 0, 13, 2387.34, 8444991, 1360
3573, 4, 744, 1059, 632, 0, 30.13%, 0, 0, 13, 2467.59, 8457918, 1360
3578, 4, 744, 1060, 633, 0, 30.13%, 0, 0, 13, 2430.71, 8470115, 1360
3584, 4, 744, 1060, 633, 0, 30.13%, 0, 0, 13, 2393.60, 8481700, 1360
3589, 4, 891, 1060, 633, 0, 30.13%, 0, 0, 13, 2394.96, 8493728, 1360
3594, 4, 424, 1060, 633, 0, 30.13%, 0, 0, 13, 2401.90, 8505918, 1360
3599, 4, 971, 1060, 633, 0, 30.13%, 0, 0, 13, 2424.87, 8518103, 1360
3604, 4, 1010, 1060, 633, 0, 30.13%, 0, 0, 13, 2416.10, 8530344, 1360
3609, 4, 945, 1060, 633, 0, 30.13%, 0, 0, 13, 2381.72, 8542305, 1360
3614, 4, 553, 1060, 633, 0, 30.13%, 0, 0, 13, 2361.75, 8553865, 1360
3619, 4, 285, 1060, 633, 0, 30.13%, 0, 0, 13, 2448.76, 8566524, 1360
3624, 4, 567, 1060, 633, 0, 30.13%, 0, 0, 13, 2343.64, 8578578, 1360
3629, 4, 1010, 1060, 633, 0, 30.13%, 0, 0, 13, 2465.75, 8591112, 1360
3634, 4, 744, 1060, 633, 0, 30.13%, 0, 0, 13, 2479.28, 8603412, 1360
3639, 4, 152, 1060, 633, 0, 30.13%, 0, 0, 13, 2424.79, 8615804, 1360
3644, 4, 910, 1060, 633, 0, 30.13%, 0, 0, 13, 2505.97, 8628407, 1360
3649, 4, 971, 1061, 634, 0, 30.13%, 0, 0, 13, 2475.85, 8640875, 1360
3654, 4, 891, 1061, 633, 0, 30.13%, 0, 0, 13, 2466.98, 8653028, 1360
3659, 4, 1014, 1061, 633, 0, 30.13%, 0, 0, 13, 2501.75, 8665730, 1360
3664, 4, 1061, 1062, 634, 1, 30.13%, 0, 0, 13, 2446.61, 8678053, 1360
3669, 4, 642, 1062, 633, 0, 30.13%, 0, 0, 13, 2320.02, 8689907, 1360
3675, 4, 668, 1062, 633, 0, 30.13%, 0, 0, 13, 2413.14, 8702194, 1360
3680, 4, 152, 1062, 633, 0, 30.13%, 0, 0, 13, 2368.90, 8714267, 1360
3685, 4, 769, 1062, 633, 0, 30.13%, 0, 0, 13, 2356.94, 8725926, 1360
3690, 4, 310, 1062, 633, 0, 30.13%, 0, 0, 13, 2460.85, 8738855, 1360
3695, 4, 744, 1062, 633, 0, 30.13%, 0, 0, 13, 2430.11, 8751068, 1360
3700, 4, 744, 1063, 634, 0, 30.13%, 0, 0, 13, 2116.04, 8761721, 1360
3705, 4, 744, 1063, 634, 0, 30.13%, 0, 0, 13, 2341.78, 8773860, 1360
3710, 4, 238, 1063, 634, 0, 30.13%, 0, 0, 13, 2432.08, 8786159, 1360
3715, 4, 744, 1063, 634, 0, 30.13%, 0, 0, 13, 2517.60, 8799180, 1360
3720, 4, 971, 1063, 634, 0, 30.13%, 0, 0, 13, 2475.49, 8811691, 1360
3725, 4, 744, 1063, 634, 0, 30.13%, 0, 0, 13, 2524.06, 8824754, 1360
3731, 4, 942, 1063, 634, 0, 30.13%, 0, 0, 13, 2190.36, 8835903, 1360
3736, 4, 942, 1063, 634, 0, 30.13%, 0, 0, 13, 2320.78, 8848036, 1360
3741, 4, 744, 1065, 635, 0, 30.13%, 0, 0, 13, 2347.51, 8860312, 1360
3746, 4, 1061, 1065, 634, 0, 30.13%, 0, 0, 13, 2273.41, 8871450, 1360
3751, 4, 856, 1065, 633, 0, 30.13%, 0, 0, 13, 2425.93, 8884246, 1360
3756, 4, 95, 1065, 633, 0, 30.13%, 0, 0, 13, 2345.65, 8896164, 1360
3761, 4, 744, 1065, 633, 0, 30.13%, 0, 0, 13, 2064.21, 8906636, 1360
3766, 4, 516, 1065, 633, 0, 30.13%, 0, 0, 13, 2219.20, 8917796, 1360
3771, 4, 915, 1065, 633, 0, 30.13%, 0, 0, 13, 2415.18, 8930568, 1360
3777, 4, 378, 1065, 633, 0, 30.13%, 0, 0, 13, 2391.41, 8942756, 1360
3782, 4, 95, 1065, 633, 0, 30.13%, 0, 0, 13, 2436.96, 8955149, 1360
3787, 4, 744, 1065, 633, 0, 30.13%, 0, 0, 13, 2456.33, 8967525, 1360
3792, 4, 650, 1065, 633, 0, 30.13%, 0, 0, 13, 2160.67, 8978644, 1360
3797, 4, 856, 1065, 633, 0, 30.13%, 0, 0, 13, 2422.38, 8991242, 1360
3802, 4, 744, 1065, 632, 0, 30.13%, 0, 0, 13, 2401.48, 9003926, 1360
3807, 4, 987, 1065, 632, 0, 30.13%, 0, 0, 13, 2400.80, 9015910, 1360
3812, 4, 886, 1065, 632, 0, 30.13%, 0, 0, 13, 2439.85, 9028169, 1360
3817, 4, 762, 1065, 632, 0, 30.13%, 0, 0, 13, 2425.34, 9040665, 1360
3823, 4, 179, 1066, 633, 1, 30.15%, 0, 0, 13, 2171.53, 9052283, 1361
3828, 4, 1065, 1067, 634, 1, 30.17%, 0, 0, 13, 2345.12, 9064272, 1362
3833, 4, 1066, 1067, 633, 1, 30.17%, 0, 0, 13, 2265.31, 9076076, 1362
3838, 4, 647, 1067, 631, 0, 30.17%, 0, 0, 13, 1994.66, 9086459, 1362
3843, 4, 179, 1067, 631, 0, 30.17%, 0, 0, 13, 2106.56, 9097307, 1362
3848, 4, 567, 1067, 630, 0, 30.17%, 0, 0, 13, 2218.28, 9108569, 1362
3853, 4, 131, 1067, 630, 0, 30.17%, 0, 0, 13, 323.83, 9117025, 1362
3858, 4, 744, 1067, 630, 0, 30.17%, 0, 0, 13, 1616.40, 9126623, 1362
3863, 4, 443, 1067, 629, 0, 30.17%, 0, 0, 13, 1945.82, 9136812, 1362
3868, 4, 179, 1067, 629, 0, 30.17%, 0, 0, 13, 2162.72, 9148022, 1362
3873, 4, 968, 1067, 629, 0, 30.17%, 0, 0, 13, 2431.76, 9160824, 1362
3878, 4, 744, 1067, 629, 0, 30.17%, 0, 0, 13, 2454.59, 9173161, 1362
3883, 4, 841, 1067, 629, 0, 30.17%, 0, 0, 13, 2460.65, 9185453, 1362
3889, 4, 906, 1067, 629, 0, 30.17%, 0, 0, 13, 2252.13, 9196155, 1362
3894, 4, 179, 1067, 629, 0, 30.17%, 0, 0, 13, 2272.04, 9207458, 1362
3899, 4, 744, 1067, 629, 0, 30.17%, 0, 0, 13, 2345.81, 9219142, 1362
3904, 4, 310, 1067, 628, 0, 30.17%, 0, 0, 13, 2447.01, 9231507, 1362
3909, 4, 934, 1068, 629, 0, 30.17%, 0, 0, 13, 2496.56, 9244067, 1362
3914, 4, 537, 1069, 630, 1, 30.17%, 0, 0, 13, 2493.94, 9256704, 1362
3919, 4, 494, 1070, 630, 0, 30.17%, 0, 0, 13, 2522.22, 9269606, 1362
3924, 4, 238, 1070, 630, 0, 30.17%, 0, 0, 13, 2393.36, 9281391, 1362
3929, 4, 744, 1070, 630, 0, 30.17%, 0, 0, 13, 2494.50, 9294403, 1362
3934, 4, 397, 1070, 630, 0, 30.17%, 0, 0, 13, 2508.08, 9307393, 1362
3939, 4, 915, 1070, 630, 0, 30.17%, 0, 0, 13, 2501.52, 9319914, 1362
3945, 4, 744, 1070, 630, 0, 30.17%, 0, 0, 13, 2413.20, 9332380, 1362
3950, 4, 851, 1072, 632, 0, 30.17%, 0, 0, 13, 2129.35, 9342892, 1362
3955, 4, 744, 1072, 632, 0, 30.17%, 0, 0, 13, 2259.89, 9354241, 1362
3960, 4, 502, 1073, 633, 0, 30.17%, 0, 0, 13, 2434.95, 9366556, 1362
3965, 4, 649, 1073, 633, 0, 30.17%, 0, 0, 13, 2358.36, 9379038, 1362
3970, 4, 109, 1073, 633, 0, 30.17%, 0, 0, 13, 2294.00, 9390463, 1362
3975, 4, 1073, 1074, 634, 1, 30.17%, 0, 0, 13, 2348.27, 9402863, 1362
3980, 4, 900, 1074, 633, 0, 30.17%, 0, 0, 13, 2354.35, 9414677, 1362
3985, 4, 744, 1074, 633, 0, 30.17%, 0, 0, 13, 2418.13, 9426646, 1362
3990, 4, 841, 1074, 633, 0, 30.17%, 0, 0, 13, 2267.25, 9437856, 1362
3995, 4, 744, 1074, 633, 0, 30.17%, 0, 0, 13, 2264.68, 9449249, 1362
4000, 4, 744, 1074, 633, 0, 30.17%, 0, 0, 13, 2342.01, 9461121, 1362
4005, 4, 744, 1074, 633, 0, 30.17%, 0, 0, 13, 2282.37, 9472448, 1362
4010, 4, 823, 1074, 633, 0, 30.17%, 0, 0, 13, 1931.30, 9481827, 1362
4016, 4, 744, 1074, 633, 0, 30.17%, 0, 0, 13, 2278.53, 9493876, 1362
4021, 4, 744, 1074, 633, 0, 30.17%, 0, 0, 13, 2214.55, 9504707, 1362
4026, 4, 891, 1074, 633, 0, 30.17%, 0, 0, 13, 2293.07, 9516114, 1362
4031, 4, 152, 1074, 633, 0, 30.17%, 0, 0, 13, 2160.63, 9527394, 1362
4036, 4, 744, 1074, 633, 0, 30.17%, 0, 0, 13, 2120.12, 9538182, 1362
4041, 4, 152, 1074, 633, 0, 30.17%, 0, 0, 13, 2107.07, 9548818, 1362
4046, 4, 179, 1074, 633, 0, 30.17%, 0, 0, 13, 2190.87, 9560114, 1362
4051, 4, 1022, 1075, 634, 0, 30.17%, 0, 0, 13, 2293.26, 9571693, 1362
4056, 4, 744, 1075, 634, 0, 30.17%, 0, 0, 13, 2365.40, 9583699, 1362
4061, 4, 1010, 1076, 635, 0, 30.17%, 0, 0, 13, 2178.48, 9594986, 1362
4066, 4, 958, 1076, 635, 0, 30.17%, 0, 0, 13, 2131.23, 9605821, 1362
4072, 4, 179, 1076, 635, 0, 30.17%, 0, 0, 13, 2040.00, 9616386, 1362
4077, 4, 1010, 1076, 635, 0, 30.17%, 0, 0, 13, 2291.64, 9628412, 1362
4082, 4, 354, 1076, 634, 0, 30.17%, 0, 0, 13, 2343.59, 9640751, 1362
4087, 4, 310, 1077, 635, 0, 30.17%, 0, 0, 13, 2362.71, 9652682, 1362
4092, 4, 397, 1077, 635, 0, 30.17%, 0, 0, 13, 2244.21, 9663760, 1362
4097, 4, 744, 1077, 635, 0, 30.17%, 0, 0, 13, 1985.58, 9673481, 1362
4102, 4, 152, 1077, 635, 0, 30.17%, 0, 0, 13, 1890.21, 9682808, 1362
4107, 4, 1010, 1077, 635, 0, 30.17%, 0, 0, 13, 2005.68, 9693002, 1362
4112, 4, 744, 1077, 635, 0, 30.17%, 0, 0, 13, 1977.14, 9702822, 1362
4117, 4, 744, 1077, 635, 0, 30.17%, 0, 0, 13, 2132.40, 9714041, 1362
4122, 4, 701, 1077, 635, 0, 30.17%, 0, 0, 13, 2190.15, 9725542, 1362
4127, 4, 152, 1077, 634, 0, 30.17%, 0, 0, 13, 2042.16, 9736060, 1362
4133, 4, 744, 1077, 634, 0, 30.17%, 0, 0, 13, 2054.89, 9746406, 1362
4138, 4, 28, 1077, 634, 0, 30.17%, 0, 0, 13, 2012.13, 9756658, 1362
4143, 4, 1010, 1077, 634, 0, 30.17%, 0, 0, 13, 2073.07, 9767079, 1362
4148, 4, 742, 1077, 634, 0, 30.17%, 0, 0, 13, 2110.33, 9777949, 1362
4153, 4, 744, 1077, 634, 0, 30.17%, 0, 0, 13, 2157.87, 9788743, 1362
4158, 4, 744, 1077, 634, 0, 30.17%, 0, 0, 13, 2018.24, 9798732, 1362
4163, 4, 651, 1077, 634, 0, 30.17%, 0, 0, 13, 2106.35, 9809263, 1362
4168, 4, 744, 1077, 634, 0, 30.17%, 0, 0, 13, 2298.81, 9821121, 1362
4173, 4, 701, 1078, 635, 1, 30.22%, 0, 0, 13, 2214.52, 9832336, 1364
4178, 4, 1077, 1078, 635, 1, 30.22%, 0, 0, 13, 2179.21, 9843499, 1364
4183, 4, 179, 1078, 634, 0, 30.22%, 0, 0, 13, 2195.30, 9854716, 1364
4188, 4, 1010, 1078, 634, 0, 30.22%, 0, 0, 13, 2118.65, 9865392, 1364
4193, 4, 942, 1078, 634, 0, 30.22%, 0, 0, 13, 2035.35, 9875824, 1364
4198, 4, 744, 1078, 634, 0, 30.22%, 0, 0, 13, 2201.28, 9887199, 1364
4203, 4, 744, 1078, 634, 0, 30.22%, 0, 0, 13, 2247.37, 9898380, 1364
4208, 4, 744, 1078, 634, 0, 30.22%, 0, 0, 13, 2335.02, 9910299, 1364
4213, 4, 744, 1078, 634, 0, 30.22%, 0, 0, 13, 2165.76, 9921219, 1364
4219, 4, 964, 1078, 634, 0, 30.22%, 0, 0, 13, 2133.69, 9932625, 1364
4224, 4, 945, 1080, 635, 0, 30.22%, 0, 0, 13, 2170.68, 9943969, 1364
4229, 4, 744, 1080, 635, 0, 30.22%, 0, 0, 13, 2218.42, 9955657, 1364
4234, 4, 744, 1080, 635, 0, 30.22%, 0, 0, 13, 2309.07, 9967405, 1364
4239, 4, 92, 1080, 635, 0, 30.22%, 0, 0, 13, 2399.27, 9979451, 1364
4244, 4, 896, 1081, 636, 0, 30.22%, 0, 0, 13, 2167.77, 9990244, 1364
4249, 4, 179, 1081, 636, 0, 30.22%, 0, 0, 13, 1984.65, 10000322, 1364
4254, 4, 744, 1081, 636, 0, 30.22%, 0, 0, 13, 2166.39, 10011570, 1364
4259, 4, 841, 1081, 636, 0, 30.22%, 0, 0, 13, 2384.79, 10023815, 1364
4264, 4, 850, 1081, 635, 0, 30.22%, 0, 0, 13, 2182.94, 10034784, 1364
4269, 4, 966, 1082, 636, 0, 30.24%, 0, 0, 13, 2127.49, 10045528, 1365
4275, 4, 701, 1082, 636, 1, 30.24%, 0, 0, 13, 2133.99, 10056457, 1365
4280, 5, 152, 1082, 636, 1, 30.24%, 0, 0, 13, 1961.59, 10066972, 1365
4285, 5, 1081, 1083, 637, 1, 30.24%, 0, 0, 13, 2087.71, 10077152, 1365
4290, 5, 942, 1084, 635, 1, 30.24%, 0, 0, 13, 2109.68, 10087659, 1365
4295, 5, 1022, 1084, 635, 1, 30.24%, 0, 0, 13, 2245.51, 10098909, 1365
4300, 5, 646, 1089, 639, 1, 30.24%, 0, 0, 14, 2313.31, 10111007, 1365
4305, 5, 1085, 1091, 641, 1, 30.24%, 0, 0, 15, 2433.10, 10123309, 1365
4310, 5, 701, 1091, 639, 0, 30.24%, 0, 0, 15, 2256.40, 10134818, 1365
4315, 5, 128, 1091, 639, 0, 30.24%, 0, 0, 15, 2349.84, 10146844, 1365
4320, 5, 850, 1091, 639, 0, 30.24%, 0, 0, 15, 2097.35, 10157204, 1365
4325, 5, 1022, 1091, 639, 0, 30.24%, 0, 0, 15, 2283.72, 10168384, 1365
4330, 5, 815, 1092, 640, 0, 30.24%, 0, 0, 15, 2454.40, 10180958, 1365
4335, 5, 856, 1092, 640, 0, 30.24%, 0, 0, 15, 2429.88, 10193136, 1365
4340, 5, 661, 1093, 641, 0, 30.24%, 0, 0, 15, 2286.00, 10204856, 1365
4345, 5, 564, 1093, 641, 0, 30.24%, 0, 0, 15, 2167.93, 10214995, 1365
4350, 5, 701, 1093, 641, 0, 30.24%, 0, 0, 15, 2252.35, 10226562, 1365
4356, 5, 317, 1093, 641, 0, 30.24%, 0, 0, 15, 2369.79, 10239073, 1365
4361, 5, 744, 1093, 641, 0, 30.24%, 0, 0, 15, 2165.93, 10249744, 1365
4366, 5, 313, 1093, 641, 0, 30.24%, 0, 0, 15, 2159.45, 10260508, 1365
4371, 5, 744, 1094, 642, 0, 30.24%, 0, 0, 15, 2073.47, 10271091, 1365
4376, 5, 617, 1094, 642, 0, 30.24%, 0, 0, 15, 2147.59, 10282051, 1365
4381, 5, 744, 1095, 643, 0, 30.24%, 0, 0, 15, 2311.41, 10294043, 1365
4386, 5, 359, 1095, 643, 0, 30.24%, 0, 0, 15, 2352.23, 10306378, 1365
4391, 5, 850, 1095, 643, 0, 30.24%, 0, 0, 15, 2210.90, 10316901, 1365
4396, 5, 494, 1095, 643, 0, 30.24%, 0, 0, 15, 2117.69, 10327671, 1365
4401, 5, 744, 1095, 643, 0, 30.24%, 0, 0, 15, 2055.02, 10338177, 1365
4406, 5, 701, 1096, 644, 0, 30.24%, 0, 0, 15, 2201.98, 10349289, 1365
4412, 5, 169, 1096, 644, 0, 30.24%, 0, 0, 15, 2290.42, 10361271, 1365
4417, 5, 344, 1096, 644, 0, 30.24%, 0, 0, 15, 2301.40, 10373013, 1365
4422, 5, 841, 1096, 644, 0, 30.24%, 0, 0, 15, 2352.61, 10384672, 1365
4427, 5, 181, 1096, 644, 0, 30.24%, 0, 0, 15, 2453.32, 10397027, 1365
4432, 5, 898, 1096, 644, 0, 30.24%, 0, 0, 15, 2293.61, 10408828, 1365
4437, 5, 744, 1097, 645, 0, 30.24%, 0, 0, 15, 2363.29, 10421020, 1365
4442, 5, 892, 1097, 645, 0, 30.24%, 0, 0, 15, 2418.73, 10433186, 1365
4447, 5, 1086, 1098, 646, 0, 30.24%, 0, 0, 15, 2308.96, 10444582, 1365
4452, 5, 110, 1098, 645, 0, 30.24%, 0, 0, 15, 2346.44, 10456874, 1365
4457, 5, 744, 1099, 646, 0, 30.24%, 0, 0, 15, 2303.40, 10468304, 1365
4462, 5, 386, 1099, 646, 0, 30.24%, 0, 0, 15, 2108.60, 10479327, 1365
4467, 5, 1022, 1099, 646, 0, 30.24%, 0, 0, 15, 2181.01, 10490790, 1365
4473, 5, 701, 1099, 646, 0, 30.24%, 0, 0, 15, 2271.26, 10502151, 1365
4478, 5, 314, 1099, 646, 0, 30.24%, 0, 0, 15, 2334.43, 10513957, 1365
4483, 5, 134, 1099, 646, 0, 30.24%, 0, 0, 15, 2337.57, 10525742, 1365
4488, 5, 1010, 1099, 646, 0, 30.24%, 0, 0, 15, 2324.37, 10537439, 1365
4493, 5, 942, 1099, 646, 0, 30.24%, 0, 0, 15, 2186.45, 10548706, 1365
4498, 5, 617, 1099, 646, 0, 30.24%, 0, 0, 15, 2194.43, 10559843, 1365
4503, 5, 913, 1099, 646, 0, 30.24%, 0, 0, 15, 2376.35, 10572365, 1365
4508, 5, 968, 1100, 647, 0, 30.24%, 0, 0, 15, 2124.29, 10582854, 1365
4513, 5, 744, 1100, 647, 0, 30.24%, 0, 0, 15, 2079.92, 10593159, 1365
4518, 5, 744, 1100, 647, 0, 30.24%, 0, 0, 15, 2235.42, 10604369, 1365
4523, 5, 1010, 1100, 646, 0, 30.24%, 0, 0, 15, 2232.28, 10615786, 1365
4528, 5, 744, 1100, 646, 0, 30.24%, 0, 0, 15, 2285.11, 10627794, 1365
4533, 5, 744, 1100, 646, 0, 30.24%, 0, 0, 15, 2239.40, 10638927, 1365
4538, 5, 583, 1101, 646, 0, 30.24%, 0, 0, 15, 2486.19, 10651821, 1365
4543, 5, 744, 1101, 646, 0, 30.24%, 0, 0, 15, 2572.17, 10665324, 1365
4548, 5, 744, 1101, 645, 0, 30.24%, 0, 0, 15, 2625.92, 10678489, 1365
4553, 5, 744, 1101, 645, 0, 30.24%, 0, 0, 15, 2328.48, 10690478, 1365
4558, 5, 272, 1102, 646, 0, 30.24%, 0, 0, 15, 2561.74, 10703461, 1365
4564, 5, 744, 1103, 647, 0, 30.24%, 0, 0, 15, 2577.64, 10716619, 1365
4569, 5, 942, 1103, 647, 0, 30.24%, 0, 0, 15, 2592.16, 10729629, 1365
4574, 5, 958, 1103, 647, 0, 30.24%, 0, 0, 15, 2613.31, 10742884, 1365
4579, 5, 945, 1103, 647, 0, 30.24%, 0, 0, 15, 2595.44, 10756340, 1365
4584, 5, 744, 1103, 647, 0, 30.24%, 0, 0, 15, 2397.92, 10768585, 1365
4589, 5, 1073, 1103, 647, 0, 30.24%, 0, 0, 15, 2460.45, 10780978, 1365
4594, 5, 744, 1104, 648, 0, 30.24%, 0, 0, 15, 2587.36, 10794164, 1365
4599, 5, 285, 1104, 648, 0, 30.24%, 0, 0, 15, 2588.56, 10807691, 1365
4604, 5, 955, 1105, 649, 0, 30.24%, 0, 0, 15, 2538.67, 10820714, 1365
4609, 5, 744, 1105, 649, 0, 30.24%, 0, 0, 15, 2586.96, 10834151, 1365
4615, 5, 744, 1105, 649, 0, 30.24%, 0, 0, 15, 2435.05, 10846856, 1365
4620, 5, 744, 1106, 650, 0, 30.24%, 0, 0, 15, 2565.82, 10859923, 1365
4625, 5, 744, 1107, 651, 0, 30.24%, 0, 0, 15, 2614.01, 10873757, 1365
4630, 5, 285, 1108, 652, 0, 30.24%, 0, 0, 15, 2636.70, 10887574, 1365
4635, 5, 179, 1108, 652, 0, 30.24%, 0, 0, 15, 2606.44, 10901096, 1365
4640, 5, 272, 1108, 652, 0, 30.24%, 0, 0, 15, 2611.93, 10914422, 1365
4645, 5, 894, 1108, 652, 0, 30.24%, 0, 0, 15, 2290.19, 10925462, 1365
4651, 5, 701, 1108, 652, 0, 30.24%, 0, 0, 15, 2476.69, 10938711, 1365
4656, 5, 742, 1108, 652, 0, 30.24%, 0, 0, 15, 2525.07, 10951565, 1365
4661, 5, 968, 1108, 652, 0, 30.24%, 0, 0, 15, 2551.37, 10964344, 1365
4666, 5, 906, 1108, 652, 0, 30.24%, 0, 0, 15, 2527.66, 10977493, 1365
4671, 5, 747, 1109, 653, 0, 30.24%, 0, 0, 15, 2539.76, 10990775, 1365
4676, 5, 744, 1109, 653, 0, 30.24%, 0, 0, 15, 2534.95, 11003951, 1365
4681, 5, 942, 1109, 653, 0, 30.24%, 0, 0, 15, 2579.72, 11017325, 1365
4687, 5, 744, 1110, 654, 0, 30.24%, 0, 0, 15, 2514.34, 11030421, 1365
4692, 5, 495, 1111, 655, 1, 30.24%, 0, 0, 15, 2571.96, 11043757, 1365
4697, 5, 1110, 1112, 656, 1, 30.24%, 0, 0, 16, 2479.41, 11056283, 1365
4702, 5, 1010, 1113, 656, 0, 30.24%, 0, 0, 16, 2419.57, 11068621, 1365
4707, 5, 744, 1113, 656, 0, 30.24%, 0, 0, 16, 2494.32, 11080941, 1365
4712, 5, 744, 1113, 655, 0, 30.24%, 0, 0, 16, 2381.50, 11093224, 1365
4717, 5, 744, 1114, 656, 0, 30.24%, 0, 0, 16, 2251.42, 11104523, 1365
4722, 5, 948, 1114, 656, 0, 30.24%, 0, 0, 16, 2375.07, 11116562, 1365
4727, 5, 403, 1114, 655, 0, 30.24%, 0, 0, 16, 2386.94, 11129173, 1365
4732, 5, 285, 1114, 655, 0, 30.24%, 0, 0, 16, 2434.00, 11141146, 1365
4737, 5, 131, 1114, 655, 0, 30.24%, 0, 0, 16, 2522.39, 11153975, 1365
4743, 5, 891, 1114, 655, 0, 30.24%, 0, 0, 16, 2576.50, 11167240, 1365
4748, 5, 744, 1114, 655, 0, 30.24%, 0, 0, 16, 2577.47, 11180683, 1365
4753, 5, 1022, 1114, 655, 0, 30.24%, 0, 0, 16, 2595.26, 11193837, 1365
4758, 5, 386, 1114, 655, 0, 30.24%, 0, 0, 16, 2542.02, 11206777, 1365
4763, 5, 744, 1114, 655, 0, 30.24%, 0, 0, 16, 2510.17, 11219937, 1365
4768, 5, 668, 1114, 655, 0, 30.24%, 0, 0, 16, 2526.41, 11232547, 1365
4774, 5, 744, 1114, 655, 0, 30.24%, 0, 0, 16, 2416.10, 11245333, 1365
4779, 5, 443, 1114, 655, 0, 30.24%, 0, 0, 16, 2375.88, 11257042, 1365
4784, 5, 499, 1114, 655, 0, 30.24%, 0, 0, 16, 2580.31, 11270485, 1365
4789, 5, 649, 1115, 656, 1, 30.24%, 0, 0, 16, 2510.78, 11283391, 1365
4794, 5, 1114, 1116, 657, 1, 30.24%, 0, 0, 16, 2485.31, 11295902, 1365
4799, 5, 942, 1116, 656, 1, 30.24%, 0, 0, 16, 2559.91, 11308862, 1365
4804, 5, 152, 1116, 655, 0, 30.24%, 0, 0, 16, 2582.26, 11321648, 1365
4809, 5, 312, 1116, 655, 0, 30.24%, 0, 0, 16, 2590.62, 11334735, 1365
4814, 5, 955, 1117, 656, 0, 30.24%, 0, 0, 16, 2613.87, 11347840, 1365
4819, 5, 1116, 1117, 655, 1, 30.24%, 0, 0, 16, 2672.55, 11361376, 1365
4824, 5, 744, 1117, 654, 0, 30.24%, 0, 0, 16, 2435.61, 11374026, 1365
4829, 5, 1110, 1117, 654, 0, 30.24%, 0, 0, 16, 2525.90, 11387339, 1365
4835, 5, 293, 1117, 654, 0, 30.24%, 0, 0, 16, 2556.07, 11400557, 1365
4840, 5, 194, 1117, 654, 0, 30.24%, 0, 0, 16, 2658.74, 11414423, 1365
4845, 5, 891, 1117, 654, 0, 30.24%, 0, 0, 16, 2694.98, 11428021, 1365
4850, 5, 942, 1118, 655, 0, 30.24%, 0, 0, 16, 2581.03, 11441451, 1365
4855, 5, 564, 1118, 655, 0, 30.24%, 0, 0, 16, 2601.29, 11455206, 1365
4860, 5, 912, 1118, 655, 0, 30.24%, 0, 0, 16, 2664.04, 11468643, 1365
4865, 5, 744, 1119, 656, 0, 30.24%, 0, 0, 16, 2605.61, 11482014, 1365
4871, 5, 818, 1119, 656, 0, 30.24%, 0, 0, 16, 2644.93, 11495805, 1365
4876, 5, 744, 1119, 656, 0, 30.24%, 0, 0, 16, 2638.47, 11509553, 1365
4881, 5, 671, 1119, 656, 0, 30.24%, 0, 0, 16, 2488.15, 11521972, 1365
4886, 5, 891, 1119, 656, 0, 30.24%, 0, 0, 16, 2398.87, 11534284, 1365
4891, 5, 179, 1119, 656, 0, 30.24%, 0, 0, 16, 2488.68, 11547040, 1365
4896, 5, 763, 1119, 656, 0, 30.24%, 0, 0, 16, 2559.66, 11560524, 1365
4901, 5, 179, 1119, 656, 0, 30.24%, 0, 0, 16, 2559.93, 11573829, 1365
4907, 5, 744, 1119, 656, 0, 30.24%, 0, 0, 16, 2521.39, 11586470, 1365
4912, 5, 744, 1119, 656, 0, 30.24%, 0, 0, 16, 2538.83, 11599109, 1365
4917, 5, 1033, 1120, 657, 0, 30.24%, 0, 0, 16, 2510.48, 11611784, 1365
4922, 5, 763, 1120, 656, 0, 30.24%, 0, 0, 16, 2514.32, 11624400, 1365
4927, 5, 374, 1120, 656, 0, 30.24%, 0, 0, 16, 2546.86, 11637749, 1365
4932, 5, 494, 1120, 655, 0, 30.24%, 0, 0, 16, 2582.09, 11650775, 1365
4937, 5, 744, 1120, 655, 0, 30.24%, 0, 0, 16, 2501.08, 11663194, 1365
4942, 5, 740, 1120, 655, 0, 30.24%, 0, 0, 16, 2277.00, 11674529, 1365
4947, 5, 945, 1120, 655, 0, 30.24%, 0, 0, 16, 2325.13, 11686180, 1365
4952, 5, 152, 1120, 655, 0, 30.24%, 0, 0, 16, 2437.67, 11699027, 1365
4957, 5, 744, 1120, 655, 0, 30.24%, 0, 0, 16, 2461.83, 11712043, 1365
4962, 5, 742, 1120, 655, 0, 30.24%, 0, 0, 16, 2494.33, 11724665, 1365
4967, 5, 179, 1120, 655, 0, 30.24%, 0, 0, 16, 2521.86, 11737335, 1365
4972, 5, 545, 1120, 655, 0, 30.24%, 0, 0, 16, 2539.05, 11750462, 1365
4978, 5, 942, 1120, 655, 0, 30.24%, 0, 0, 16, 2520.96, 11763322, 1365
4983, 5, 1120, 1122, 656, 1, 30.26%, 0, 0, 16, 2414.79, 11775712, 1366
4988, 5, 1010, 1122, 655, 0, 30.26%, 0, 0, 16, 2467.70, 11788179, 1366
4993, 5, 1010, 1122, 655, 0, 30.26%, 0, 0, 16, 2618.72, 11801482, 1366
4998, 5, 742, 1123, 656, 0, 30.26%, 0, 0, 16, 2597.33, 11814560, 1366
5003, 5, 152, 1123, 656, 0, 30.26%, 0, 0, 16, 2567.68, 11828094, 1366
5008, 5, 912, 1123, 656, 0, 30.26%, 0, 0, 16, 2611.56, 11841076, 1366
5013, 5, 152, 1123, 656, 0, 30.26%, 0, 0, 16, 2644.66, 11854954, 1366
5018, 5, 701, 1123, 656, 0, 30.26%, 0, 0, 16, 2632.03, 11868149, 1366
5023, 5, 314, 1123, 656, 0, 30.26%, 0, 0, 16, 2584.42, 11881129, 1366
5029, 5, 152, 1123, 655, 0, 30.26%, 0, 0, 16, 2413.51, 11893655, 1366
5034, 5, 744, 1123, 655, 0, 30.26%, 0, 0, 16, 2465.66, 11906700, 1366
5039, 5, 744, 1123, 655, 0, 30.26%, 0, 0, 16, 2489.39, 11919010, 1366
5044, 5, 1010, 1124, 656, 0, 30.28%, 0, 0, 16, 2421.80, 11931210, 1367
5049, 5, 152, 1124, 656, 1, 30.28%, 0, 0, 16, 2524.27, 11943881, 1367
5054, 5, 744, 1125, 656, 2, 30.28%, 0, 0, 16, 2435.06, 11956753, 1367
5059, 5, 744, 1127, 657, 1, 30.28%, 0, 0, 16, 2418.83, 11968920, 1367
5064, 5, 1120, 1127, 657, 1, 30.28%, 0, 0, 16, 2530.66, 11981785, 1367
5069, 5, 742, 1128, 657, 1, 30.28%, 0, 0, 16, 2310.30, 11992682, 1367
5074, 5, 1110, 1130, 658, 1, 30.28%, 0, 0, 16, 2506.63, 12005552, 1367
5079, 5, 744, 1130, 658, 1, 30.28%, 0, 0, 16, 2541.58, 12018337, 1367
5084, 5, 1128, 1135, 663, 1, 30.28%, 0, 0, 16, 2331.12, 12030135, 1367
5090, 5, 1128, 1136, 664, 1, 30.28%, 0, 0, 16, 2525.46, 12042891, 1367
5095, 5, 1128, 1141, 669, 1, 30.28%, 0, 0, 16, 2631.51, 12056270, 1367
5100, 5, 1138, 1144, 671, 1, 30.28%, 0, 0, 16, 2486.01, 12068076, 1367
5105, 5, 744, 1144, 670, 0, 30.28%, 0, 0, 16, 2547.53, 12080968, 1367
5110, 5, 110, 1144, 670, 0, 30.28%, 0, 0, 16, 2526.57, 12093583, 1367
5115, 5, 179, 1144, 670, 0, 30.28%, 0, 0, 16, 2557.25, 12106415, 1367
5120, 5, 862, 1144, 670, 0, 30.28%, 0, 0, 16, 2610.47, 12119744, 1367
5125, 5, 971, 1144, 670, 0, 30.28%, 0, 0, 16, 2601.91, 12133261, 1367
5130, 5, 821, 1144, 670, 0, 30.28%, 0, 0, 16, 2380.61, 12145077, 1367
5135, 5, 891, 1144, 670, 0, 30.28%, 0, 0, 16, 2490.25, 12157687, 1367
5140, 5, 744, 1144, 670, 0, 30.28%, 0, 0, 16, 2495.48, 12170694, 1367
5145, 5, 744, 1144, 670, 0, 30.28%, 0, 0, 16, 2413.19, 12182936, 1367
5150, 5, 744, 1144, 670, 0, 30.28%, 0, 0, 16, 2428.78, 12195264, 1367
5155, 5, 293, 1144, 669, 0, 30.28%, 0, 0, 16, 2489.21, 12207689, 1367
5160, 5, 293, 1144, 669, 0, 30.28%, 0, 0, 16, 2489.67, 12219934, 1367
5166, 5, 744, 1144, 669, 0, 30.28%, 0, 0, 16, 2576.57, 12233431, 1367
5171, 5, 1110, 1144, 669, 0, 30.28%, 0, 0, 16, 2499.31, 12246549, 1367
5176, 5, 915, 1144, 669, 0, 30.28%, 0, 0, 16, 2499.87, 12259516, 1367
5181, 5, 942, 1144, 669, 0, 30.28%, 0, 0, 16, 2530.81, 12272741, 1367
5186, 5, 179, 1144, 669, 0, 30.28%, 0, 0, 16, 2472.93, 12285231, 1367
5192, 5, 179, 1144, 669, 0, 30.28%, 0, 0, 16, 2502.51, 12298146, 1367
5197, 5, 744, 1144, 669, 0, 30.28%, 0, 0, 16, 2522.20, 12310796, 1367
5202, 5, 891, 1144, 669, 0, 30.28%, 0, 0, 16, 2564.34, 12323478, 1367
5207, 5, 701, 1144, 669, 0, 30.28%, 0, 0, 16, 2448.09, 12335597, 1367
5212, 5, 427, 1144, 669, 0, 30.28%, 0, 0, 16, 2523.02, 12348805, 1367
5217, 5, 152, 1144, 669, 0, 30.28%, 0, 0, 16, 2431.57, 12361360, 1367
5222, 5, 435, 1144, 668, 0, 30.28%, 0, 0, 16, 2503.14, 12373898, 1367
5227, 5, 971, 1145, 668, 0, 30.28%, 0, 0, 16, 2498.61, 12387085, 1367
5232, 5, 971, 1146, 669, 0, 30.28%, 0, 0, 16, 2524.78, 12399726, 1367
5237, 5, 744, 1146, 669, 1, 30.28%, 0, 0, 16, 2443.97, 12412062, 1367
5242, 5, 744, 1147, 669, 1, 30.28%, 0, 0, 16, 2187.70, 12422659, 1367
5247, 5, 1146, 1147, 669, 1, 30.28%, 0, 0, 16, 1947.28, 12432270, 1367
5253, 6, 744, 1147, 668, 0, 30.28%, 0, 0, 16, 2432.46, 12444716, 1367
5258, 6, 850, 1148, 669, 0, 30.28%, 0, 0, 16, 2521.30, 12458113, 1367
5263, 6, 751, 1148, 669, 0, 30.28%, 0, 0, 16, 2548.42, 12471120, 1367
5268, 6, 744, 1148, 669, 0, 30.28%, 0, 0, 16, 2387.67, 12482754, 1367
5273, 6, 152, 1149, 670, 1, 30.28%, 0, 0, 16, 2362.77, 12494917, 1367
5278, 6, 313, 1149, 670, 1, 30.28%, 0, 0, 16, 2053.34, 12505455, 1367
5283, 6, 744, 1149, 669, 0, 30.28%, 0, 0, 16, 2249.63, 12516777, 1367
5288, 6, 744, 1149, 668, 0, 30.28%, 0, 0, 16, 2308.62, 12528656, 1367
5294, 6, 744, 1149, 668, 0, 30.28%, 0, 0, 16, 2456.87, 12541521, 1367
5299, 6, 649, 1149, 667, 0, 30.28%, 0, 0, 16, 2562.29, 12554637, 1367
5304, 6, 1022, 1149, 667, 0, 30.28%, 0, 0, 16, 2524.66, 12567424, 1367
5309, 6, 744, 1149, 667, 0, 30.28%, 0, 0, 16, 2416.13, 12579798, 1367
5314, 6, 744, 1150, 668, 0, 30.28%, 0, 0, 16, 2577.80, 12593140, 1367
5319, 6, 285, 1150, 668, 0, 30.28%, 0, 0, 16, 2506.95, 12605561, 1367
5324, 6, 744, 1150, 668, 0, 30.28%, 0, 0, 16, 2288.45, 12616862, 1367
5329, 6, 1148, 1150, 668, 0, 30.28%, 0, 0, 16, 2371.60, 12628803, 1367
5334, 6, 891, 1150, 668, 0, 30.28%, 0, 0, 16, 2272.53, 12640020, 1367
5339, 6, 744, 1150, 668, 0, 30.28%, 0, 0, 16, 2177.95, 12651060, 1367
5344, 6, 131, 1150, 668, 0, 30.28%, 0, 0, 16, 2484.43, 12664226, 1367
5349, 6, 701, 1150, 668, 0, 30.28%, 0, 0, 16, 2595.90, 12677863, 1367
5355, 6, 1022, 1150, 668, 0, 30.28%, 0, 0, 16, 2599.47, 12691420, 1367
5360, 6, 162, 1150, 668, 0, 30.28%, 0, 0, 16, 2625.03, 12704998, 1367
5365, 6, 744, 1150, 668, 0, 30.28%, 0, 0, 16, 2544.06, 12718048, 1367
5370, 6, 744, 1150, 668, 0, 30.28%, 0, 0, 16, 2609.29, 12731304, 1367
5375, 6, 744, 1150, 668, 0, 30.28%, 0, 0, 16, 2423.78, 12743288, 1367
5380, 6, 852, 1150, 668, 0, 30.28%, 0, 0, 16, 2577.34, 12756716, 1367
5385, 6, 701, 1150, 668, 0, 30.28%, 0, 0, 16, 2642.05, 12770540, 1367
5391, 6, 701, 1150, 668, 0, 30.28%, 0, 0, 16, 2493.65, 12783628, 1367
5396, 6, 751, 1150, 668, 0, 30.28%, 0, 0, 16, 2344.00, 12795237, 1367
5401, 6, 744, 1150, 668, 0, 30.28%, 0, 0, 16, 2529.48, 12807903, 1367
5406, 6, 516, 1150, 668, 0, 30.28%, 0, 0, 16, 2343.76, 12819933, 1367
5411, 6, 701, 1150, 668, 0, 30.28%, 0, 0, 16, 2591.66, 12833375, 1367
5416, 6, 744, 1150, 668, 0, 30.28%, 0, 0, 16, 2509.74, 12845994, 1367
5421, 6, 576, 1150, 668, 0, 30.28%, 0, 0, 16, 2620.96, 12859353, 1367
5426, 6, 744, 1150, 667, 0, 30.28%, 0, 0, 16, 2563.01, 12871913, 1367
5431, 6, 285, 1150, 667, 0, 30.28%, 0, 0, 16, 2356.00, 12883374, 1367
5436, 6, 744, 1150, 667, 0, 30.28%, 0, 0, 16, 2537.44, 12896239, 1367
5441, 6, 763, 1150, 667, 0, 30.28%, 0, 0, 16, 2613.56, 12910039, 1367
5447, 6, 553, 1150, 667, 0, 30.28%, 0, 0, 16, 2570.84, 12923359, 1367
5452, 6, 1148, 1150, 667, 0, 30.28%, 0, 0, 16, 2498.74, 12935923, 1367
5457, 6, 744, 1150, 667, 0, 30.28%, 0, 0, 16, 2468.71, 12948144, 1367
5462, 6, 495, 1150, 667, 0, 30.28%, 0, 0, 16, 2310.36, 12959785, 1367
5467, 6, 1022, 1150, 666, 0, 30.28%, 0, 0, 16, 2399.49, 12971987, 1367
5472, 6, 744, 1150, 666, 0, 30.28%, 0, 0, 16, 2486.27, 12984403, 1367
5477, 6, 179, 1150, 666, 0, 30.28%, 0, 0, 16, 2529.28, 12997438, 1367
5482, 6, 744, 1150, 666, 0, 30.28%, 0, 0, 16, 2488.41, 13009982, 1367
5487, 6, 744, 1150, 666, 0, 30.28%, 0, 0, 16, 2643.84, 13023507, 1367
5492, 6, 744, 1150, 666, 0, 30.28%, 0, 0, 16, 2508.71, 13036038, 1367
5497, 6, 968, 1150, 666, 0, 30.28%, 0, 0, 16, 2587.18, 13049597, 1367
5502, 6, 913, 1150, 666, 0, 30.28%, 0, 0, 16, 2483.15, 13062200, 1367
5507, 6, 744, 1150, 666, 0, 30.28%, 0, 0, 16, 2465.62, 13074706, 1367
5513, 6, 744, 1150, 665, 0, 30.28%, 0, 0, 16, 2551.42, 13087971, 1367
5518, 6, 744, 1150, 664, 0, 30.28%, 0, 0, 16, 2546.56, 13101076, 1367
5523, 6, 370, 1150, 664, 0, 30.28%, 0, 0, 16, 2313.32, 13112611, 1367
5528, 6, 1010, 1150, 664, 0, 30.28%, 0, 0, 16, 2477.84, 13125650, 1367
5533, 6, 868, 1150, 664, 0, 30.28%, 0, 0, 16, 2469.35, 13138981, 1367
5538, 6, 1150, 1153, 667, 1, 30.28%, 0, 0, 16, 2424.10, 13151279, 1367
5544, 6, 1152, 1153, 666, 2, 30.28%, 0, 0, 16, 2331.59, 13163217, 1367
5549, 6, 744, 1153, 665, 1, 30.28%, 0, 0, 16, 2499.56, 13176418, 1367
5554, 6, 896, 1153, 665, 1, 30.28%, 0, 0, 16, 2325.19, 13187617, 1367
5559, 6, 744, 1153, 664, 0, 30.28%, 0, 0, 16, 2444.37, 13200342, 1367
5564, 6, 862, 1153, 664, 0, 30.28%, 0, 0, 16, 2441.71, 13212944, 1367
5569, 6, 553, 1153, 664, 0, 30.28%, 0, 0, 16, 2564.28, 13226399, 1367
5575, 6, 744, 1153, 664, 0, 30.28%, 0, 0, 16, 2522.76, 13239342, 1367
5580, 6, 744, 1154, 665, 0, 30.28%, 0, 0, 16, 2553.95, 13252264, 1367
5585, 6, 744, 1154, 665, 0, 30.28%, 0, 0, 16, 2535.24, 13265186, 1367
5590, 6, 942, 1154, 665, 0, 30.28%, 0, 0, 16, 2568.80, 13278494, 1367
5595, 6, 744, 1154, 665, 0, 30.28%, 0, 0, 16, 2617.14, 13291803, 1367
5600, 6, 882, 1154, 665, 0, 30.28%, 0, 0, 16, 2599.28, 13304792, 1367
5605, 6, 1148, 1154, 665, 0, 30.28%, 0, 0, 16, 2518.31, 13317317, 1367
5610, 6, 744, 1154, 665, 0, 30.28%, 0, 0, 16, 2602.40, 13331001, 1367
5615, 6, 1110, 1154, 665, 0, 30.28%, 0, 0, 16, 2493.54, 13343579, 1367
5620, 6, 435, 1154, 665, 0, 30.28%, 0, 0, 16, 2537.13, 13356763, 1367
5625, 6, 744, 1154, 665, 0, 30.28%, 0, 0, 16, 2574.42, 13369744, 1367
5630, 6, 285, 1154, 664, 0, 30.28%, 0, 0, 16, 2563.30, 13382572, 1367
5636, 6, 744, 1154, 664, 0, 30.28%, 0, 0, 16, 2609.53, 13395891, 1367
5641, 6, 942, 1154, 664, 0, 30.28%, 0, 0, 16, 2530.69, 13409040, 1367
5646, 6, 1022, 1154, 664, 0, 30.28%, 0, 0, 16, 2379.13, 13420902, 1367
5651, 6, 179, 1154, 664, 0, 30.28%, 0, 0, 16, 2441.46, 13433222, 1367
5656, 6, 962, 1154, 664, 0, 30.28%, 0, 0, 16, 2555.27, 13446569, 1367
5661, 6, 101, 1154, 664, 0, 30.28%, 0, 0, 16, 2613.67, 13459661, 1367
5666, 6, 1022, 1154, 664, 0, 30.28%, 0, 0, 16, 2518.18, 13472216, 1367
5671, 6, 533, 1154, 664, 0, 30.28%, 0, 0, 16, 2474.22, 13485142, 1367
5676, 6, 841, 1154, 664, 0, 30.28%, 0, 0, 16, 2448.56, 13497393, 1367
5681, 6, 744, 1154, 664, 0, 30.28%, 0, 0, 16, 2482.75, 13510206, 1367
5687, 6, 504, 1154, 664, 0, 30.28%, 0, 0, 16, 2546.61, 13523492, 1367
5692, 6, 744, 1154, 663, 0, 30.28%, 0, 0, 16, 2563.68, 13536453, 1367
5697, 6, 744, 1154, 663, 0, 30.28%, 0, 0, 16, 2622.12, 13550156, 1367
5702, 6, 744, 1154, 663, 0, 30.28%, 0, 0, 16, 2553.60, 13563558, 1367
5707, 6, 744, 1154, 663, 0, 30.28%, 0, 0, 16, 2550.96, 13576718, 1367
5712, 6, 744, 1155, 664, 0, 30.28%, 0, 0, 16, 2587.47, 13589917, 1367
5718, 6, 1146, 1155, 664, 0, 30.28%, 0, 0, 16, 2542.06, 13602770, 1367
5723, 6, 179, 1156, 665, 0, 30.28%, 0, 0, 16, 2502.81, 13615779, 1367
5728, 6, 492, 1156, 665, 0, 30.28%, 0, 0, 16, 2406.81, 13628112, 1367
5733, 6, 1016, 1156, 665, 0, 30.28%, 0, 0, 16, 2406.87, 13640436, 1367
5738, 6, 179, 1156, 664, 0, 30.28%, 0, 0, 16, 2368.11, 13652570, 1367
5743, 6, 942, 1156, 664, 0, 30.28%, 0, 0, 16, 2506.84, 13665546, 1367
5748, 6, 744, 1156, 664, 0, 30.28%, 0, 0, 16, 2361.54, 13677410, 1367
5753, 6, 106, 1156, 664, 0, 30.28%, 0, 0, 16, 2396.15, 13689178, 1367
5758, 6, 744, 1156, 664, 0, 30.28%, 0, 0, 16, 2509.72, 13701978, 1367
5763, 6, 945, 1156, 664, 0, 30.28%, 0, 0, 16, 2485.20, 13714761, 1367
5769, 6, 314, 1156, 664, 0, 30.28%, 0, 0, 16, 2542.84, 13727864, 1367
5774, 6, 701, 1159, 666, 0, 30.28%, 0, 0, 16, 2629.50, 13741079, 1367
5779, 6, 1022, 1159, 666, 0, 30.28%, 0, 0, 16, 2671.58, 13754987, 1367
5784, 6, 942, 1159, 666, 0, 30.28%, 0, 0, 16, 2562.81, 13767526, 1367
5789, 6, 1110, 1160, 666, 0, 30.28%, 0, 0, 16, 2539.12, 13780145, 1367
5794, 6, 697, 1160, 666, 0, 30.28%, 0, 0, 16, 2470.59, 13792607, 1367
5799, 6, 918, 1160, 666, 0, 30.28%, 0, 0, 16, 2529.33, 13805350, 1367
5804, 6, 285, 1160, 666, 0, 30.28%, 0, 0, 16, 2568.15, 13818242, 1367
5809, 6, 751, 1160, 665, 0, 30.28%, 0, 0, 16, 2498.69, 13831102, 1367
5814, 6, 744, 1160, 665, 0, 30.28%, 0, 0, 16, 2564.96, 13843975, 1367
5819, 6, 179, 1160, 665, 0, 30.28%, 0, 0, 16, 2487.31, 13856916, 1367
5824, 6, 906, 1160, 665, 0, 30.28%, 0, 0, 16, 2394.12, 13869014, 1367
5829, 6, 744, 1160, 665, 0, 30.28%, 0, 0, 16, 2469.46, 13881549, 1367
5835, 6, 850, 1160, 665, 0, 30.28%, 0, 0, 16, 2542.69, 13894938, 1367
5840, 6, 744, 1160, 665, 0, 30.28%, 0, 0, 16, 2579.08, 13907865, 1367
5845, 6, 740, 1160, 665, 0, 30.28%, 0, 0, 16, 2581.91, 13920675, 1367
5850, 6, 744, 1160, 665, 0, 30.28%, 0, 0, 16, 2657.13, 13934079, 1367
5855, 6, 843, 1160, 665, 0, 30.28%, 0, 0, 16, 2446.43, 13946217, 1367
5860, 6, 942, 1160, 665, 0, 30.28%, 0, 0, 16, 2672.37, 13960217, 1367
5865, 6, 744, 1160, 665, 0, 30.28%, 0, 0, 16, 2520.47, 13973021, 1367
5870, 6, 272, 1160, 665, 0, 30.28%, 0, 0, 16, 2395.18, 13985273, 1367
5875, 6, 744, 1160, 665, 0, 30.28%, 0, 0, 16, 2396.72, 13997125, 1367
5880, 6, 668, 1161, 666, 1, 30.28%, 0, 0, 16, 2403.35, 14009125, 1367
5885, 6, 958, 1161, 665, 1, 30.28%, 0, 0, 16, 2163.04, 14019945, 1367
5890, 6, 909, 1161, 665, 1, 30.28%, 0, 0, 16, 2348.10, 14031870, 1367
5895, 6, 1160, 1161, 665, 1, 30.28%, 0, 0, 16, 2278.13, 14043514, 1367
5900, 6, 744, 1162, 665, 0, 30.28%, 0, 0, 16, 2385.11, 14055543, 1367
5905, 6, 701, 1162, 665, 0, 30.28%, 0, 0, 16, 2549.99, 14068837, 1367
5911, 6, 744, 1162, 665, 0, 30.28%, 0, 0, 16, 2522.60, 14081906, 1367
5916, 6, 744, 1162, 665, 0, 30.28%, 0, 0, 16, 2427.42, 14093881, 1367
5921, 6, 1022, 1163, 665, 0, 30.28%, 0, 0, 16, 2394.20, 14105880, 1367
5926, 6, 744, 1163, 664, 0, 30.28%, 0, 0, 16, 2397.81, 14117771, 1367
5931, 6, 701, 1163, 664, 0, 30.28%, 0, 0, 16, 2411.57, 14130021, 1367
5936, 6, 424, 1163, 664, 0, 30.28%, 0, 0, 16, 2407.26, 14142058, 1367
5941, 6, 744, 1163, 664, 0, 30.28%, 0, 0, 16, 2480.66, 14154617, 1367
5946, 6, 792, 1163, 664, 0, 30.28%, 0, 0, 16, 2352.02, 14166239, 1367
5951, 6, 744, 1163, 664, 0, 30.28%, 0, 0, 16, 2320.11, 14178188, 1367
5956, 6, 285, 1163, 664, 0, 30.28%, 0, 0, 16, 2296.89, 14189817, 1367
5961, 6, 744, 1163, 664, 0, 30.28%, 0, 0, 16, 2345.65, 14202049, 1367
5966, 6, 744, 1163, 664, 0, 30.28%, 0, 0, 16, 2351.34, 14214200, 1367
5971, 6, 179, 1163, 664, 0, 30.28%, 0, 0, 16, 2292.66, 14225735, 1367
5976, 6, 744, 1163, 664, 0, 30.28%, 0, 0, 16, 2160.43, 14236233, 1367
5982, 6, 891, 1163, 664, 0, 30.28%, 0, 0, 16, 2258.08, 14248206, 1367
5987, 6, 856, 1163, 664, 0, 30.28%, 0, 0, 16, 2277.45, 14259975, 1367
5992, 6, 744, 1163, 664, 0, 30.28%, 0, 0, 16, 2297.79, 14271428, 1367
5997, 6, 744, 1163, 664, 0, 30.28%, 0, 0, 16, 2367.96, 14283565, 1367
6002, 6, 310, 1163, 664, 0, 30.28%, 0, 0, 16, 2375.08, 14295939, 1367
6007, 6, 152, 1163, 664, 0, 30.28%, 0, 0, 16, 2355.11, 14307722, 1367
6012, 6, 513, 1163, 664, 0, 30.28%, 0, 0, 16, 2378.28, 14319923, 1367
6017, 6, 1145, 1163, 663, 0, 30.28%, 0, 0, 16, 2307.74, 14332018, 1367
6022, 6, 742, 1163, 663, 0, 30.28%, 0, 0, 16, 2318.33, 14343844, 1367
6027, 6, 1123, 1164, 664, 0, 30.28%, 0, 0, 16, 2412.34, 14356209, 1367
6032, 6, 988, 1164, 664, 0, 30.28%, 0, 0, 16, 2349.42, 14367920, 1367
6038, 6, 906, 1164, 664, 0, 30.28%, 0, 0, 16, 2296.93, 14379604, 1367
6043, 6, 744, 1164, 664, 0, 30.28%, 0, 0, 16, 2382.37, 14391679, 1367
6048, 6, 1110, 1164, 664, 0, 30.28%, 0, 0, 16, 2357.89, 14404020, 1367
6053, 6, 906, 1164, 664, 0, 30.28%, 0, 0, 16, 2398.14, 14416140, 1367
6058, 6, 744, 1164, 664, 0, 30.28%, 0, 0, 16, 2375.16, 14427935, 1367
6063, 6, 962, 1164, 664, 0, 30.28%, 0, 0, 16, 2336.79, 14439680, 1367
6068, 6, 744, 1164, 664, 0, 30.28%, 0, 0, 16, 2259.22, 14450640, 1367
6073, 6, 815, 1164, 664, 0, 30.28%, 0, 0, 16, 2380.42, 14463051, 1367
6078, 6, 744, 1164, 662, 0, 30.28%, 0, 0, 16, 2378.49, 14474913, 1367
6083, 6, 856, 1164, 662, 0, 30.28%, 0, 0, 16, 2327.46, 14486594, 1367
6088, 6, 763, 1164, 661, 0, 30.28%, 0, 0, 16, 2305.86, 14498263, 1367
6093, 6, 744, 1164, 661, 0, 30.28%, 0, 0, 16, 2388.29, 14510627, 1367
6098, 6, 386, 1164, 661, 0, 30.28%, 0, 0, 16, 2269.62, 14521861, 1367
6104, 6, 744, 1164, 661, 0, 30.28%, 0, 0, 16, 2360.74, 14534034, 1367
6109, 6, 942, 1164, 660, 0, 30.28%, 0, 0, 16, 2299.79, 14545980, 1367
6114, 6, 701, 1164, 660, 0, 30.28%, 0, 0, 16, 2326.77, 14557632, 1367
6119, 6, 1013, 1164, 660, 0, 30.28%, 0, 0, 16, 2351.96, 14569351, 1367
6124, 6, 179, 1164, 660, 0, 30.28%, 0, 0, 16, 2409.38, 14582055, 1367
6129, 6, 744, 1165, 661, 0, 30.28%, 0, 0, 16, 2303.08, 14593209, 1367
6134, 6, 152, 1165, 661, 0, 30.28%, 0, 0, 16, 2357.96, 14605067, 1367
6139, 6, 906, 1165, 661, 0, 30.28%, 0, 0, 16, 2383.48, 14617526, 1367
6144, 6, 906, 1165, 661, 0, 30.28%, 0, 0, 16, 2337.23, 14629228, 1367
6149, 6, 744, 1165, 661, 0, 30.28%, 0, 0, 16, 2370.79, 14641211, 1367
6154, 6, 856, 1165, 661, 0, 30.28%, 0, 0, 16, 2356.19, 14653613, 1367
6160, 6, 179, 1165, 661, 0, 30.28%, 0, 0, 16, 2217.68, 14664595, 1367
6165, 6, 862, 1165, 661, 0, 30.28%, 0, 0, 16, 2390.07, 14676654, 1367
6170, 7, 314, 1165, 660, 0, 30.28%, 0, 0, 16, 2382.53, 14688661, 1367
6175, 7, 179, 1165, 660, 0, 30.28%, 0, 0, 16, 2440.20, 14701291, 1367
6180, 7, 744, 1165, 659, 0, 30.28%, 0, 0, 16, 2521.14, 14714464, 1367
6185, 7, 891, 1165, 659, 0, 30.28%, 0, 0, 16, 2523.19, 14727049, 1367
6190, 7, 179, 1165, 659, 0, 30.28%, 0, 0, 16, 2371.59, 14738565, 1367
6195, 7, 558, 1165, 659, 0, 30.28%, 0, 0, 16, 2440.60, 14751381, 1367
6200, 7, 945, 1166, 660, 0, 30.28%, 0, 0, 16, 2455.57, 14763518, 1367
6205, 7, 987, 1166, 659, 0, 30.28%, 0, 0, 16, 2422.68, 14775620, 1367
6210, 7, 862, 1166, 659, 0, 30.28%, 0, 0, 16, 2466.73, 14788451, 1367
6215, 7, 906, 1166, 659, 0, 30.28%, 0, 0, 16, 2423.25, 14800549, 1367
6221, 7, 1148, 1166, 659, 0, 30.28%, 0, 0, 16, 2300.82, 14811771, 1367
6226, 7, 1034, 1166, 659, 0, 30.28%, 0, 0, 16, 2455.90, 14824336, 1367
6231, 7, 1010, 1166, 659, 0, 30.28%, 0, 0, 16, 2440.94, 14837055, 1367
6236, 7, 971, 1166, 659, 0, 30.28%, 0, 0, 16, 2446.23, 14849336, 1367
6241, 7, 134, 1166, 659, 0, 30.28%, 0, 0, 16, 2420.41, 14861852, 1367
6246, 7, 1061, 1166, 659, 0, 30.28%, 0, 0, 16, 2444.30, 14874028, 1367
6251, 7, 744, 1166, 659, 0, 30.28%, 0, 0, 16, 2354.78, 14885139, 1367
6256, 7, 493, 1166, 658, 0, 30.28%, 0, 0, 16, 2513.05, 14897824, 1367
6261, 7, 179, 1166, 658, 0, 30.28%, 0, 0, 16, 2482.14, 14910459, 1367
6266, 7, 851, 1166, 658, 0, 30.28%, 0, 0, 16, 2410.66, 14922522, 1367
6271, 7, 272, 1167, 659, 0, 30.28%, 0, 0, 16, 1765.40, 14930803, 1367
6277, 7, 172, 1167, 659, 0, 30.28%, 0, 0, 16, 2143.01, 14942334, 1367
6282, 7, 1145, 1168, 660, 0, 30.28%, 0, 0, 16, 2080.20, 14952591, 1367
6287, 7, 435, 1168, 659, 0, 30.28%, 0, 0, 16, 2008.81, 14962306, 1367
6292, 7, 744, 1168, 658, 0, 30.28%, 0, 0, 16, 2340.79, 14974330, 1367
6297, 7, 1010, 1168, 658, 0, 30.28%, 0, 0, 16, 2350.69, 14986103, 1367
6302, 7, 909, 1168, 658, 0, 30.28%, 0, 0, 16, 2429.15, 14998845, 1367
6307, 7, 744, 1168, 658, 0, 30.28%, 0, 0, 16, 2377.02, 15011238, 1367
6312, 7, 744, 1168, 658, 0, 30.28%, 0, 0, 16, 2100.25, 15021340, 1367
6317, 7, 1022, 1168, 658, 0, 30.28%, 0, 0, 16, 2056.49, 15031615, 1367
6322, 7, 344, 1168, 658, 0, 30.28%, 0, 0, 16, 2161.42, 15042491, 1367
6327, 7, 1022, 1168, 658, 0, 30.28%, 0, 0, 16, 2128.85, 15053799, 1367
6332, 7, 651, 1169, 659, 0, 30.28%, 0, 0, 16, 2307.36, 15065695, 1367
6338, 7, 744, 1169, 659, 0, 30.28%, 0, 0, 16, 2273.46, 15077726, 1367
6343, 7, 744, 1169, 658, 0, 30.28%, 0, 0, 16, 2346.63, 15089683, 1367
6348, 7, 744, 1169, 658, 0, 30.28%, 0, 0, 16, 2410.18, 15101878, 1367
6353, 7, 906, 1169, 658, 0, 30.28%, 0, 0, 16, 2435.56, 15114514, 1367
6358, 7, 744, 1169, 658, 0, 30.28%, 0, 0, 16, 2432.50, 15126954, 1367
6363, 7, 1110, 1169, 658, 0, 30.28%, 0, 0, 16, 2440.69, 15139040, 1367
6368, 7, 28, 1169, 658, 0, 30.28%, 0, 0, 16, 2355.45, 15151186, 1367
6373, 7, 1034, 1170, 659, 0, 30.28%, 0, 0, 16, 2335.48, 15163356, 1367
6378, 7, 564, 1170, 659, 0, 30.28%, 0, 0, 16, 2376.41, 15175137, 1367
6383, 7, 321, 1170, 659, 0, 30.28%, 0, 0, 16, 2430.01, 15187717, 1367
6388, 7, 744, 1170, 659, 0, 30.28%, 0, 0, 16, 2396.21, 15199730, 1367
6393, 7, 856, 1170, 659, 0, 30.28%, 0, 0, 16, 2365.49, 15211603, 1367
6399, 7, 744, 1170, 659, 0, 30.28%, 0, 0, 16, 2297.96, 15223602, 1367
6404, 7, 744, 1170, 659, 0, 30.28%, 0, 0, 16, 2262.28, 15234925, 1367
6409, 7, 101, 1170, 659, 0, 30.28%, 0, 0, 16, 2322.94, 15247058, 1367
6414, 7, 958, 1170, 659, 0, 30.28%, 0, 0, 16, 2287.49, 15258788, 1367
6419, 7, 1150, 1170, 659, 0, 30.28%, 0, 0, 16, 2318.69, 15270921, 1367
6424, 7, 516, 1170, 659, 0, 30.28%, 0, 0, 16, 2355.61, 15282975, 1367
6429, 7, 744, 1171, 659, 0, 30.28%, 0, 0, 16, 2239.01, 15294575, 1367
6435, 7, 945, 1171, 659, 0, 30.28%, 0, 0, 16, 2235.58, 15306303, 1367
6440, 7, 744, 1171, 659, 0, 30.28%, 0, 0, 16, 2282.81, 15317613, 1367
6445, 7, 850, 1171, 659, 0, 30.28%, 0, 0, 16, 2108.77, 15328963, 1367
6450, 7, 744, 1171, 659, 0, 30.28%, 0, 0, 16, 2299.15, 15340632, 1367
6455, 7, 744, 1171, 659, 0, 30.28%, 0, 0, 16, 2341.79, 15352903, 1367
6460, 7, 906, 1171, 659, 0, 30.28%, 0, 0, 16, 2027.02, 15363047, 1367
6465, 7, 942, 1171, 659, 0, 30.28%, 0, 0, 16, 2276.13, 15374911, 1367
6470, 7, 850, 1171, 659, 0, 30.28%, 0, 0, 16, 2336.56, 15386633, 1367
6475, 7, 386, 1172, 660, 1, 30.33%, 0, 0, 16, 2307.28, 15398329, 1369
6480, 7, 744, 1172, 660, 1, 30.33%, 0, 0, 16, 2306.39, 15409926, 1369
6485, 7, 1146, 1172, 659, 0, 30.33%, 0, 0, 16, 2206.71, 15420291, 1369
6490, 7, 192, 1172, 659, 0, 30.33%, 0, 0, 16, 2138.31, 15431012, 1369
6495, 7, 945, 1174, 661, 0, 30.33%, 0, 0, 16, 2252.23, 15442249, 1369
6500, 7, 843, 1174, 661, 0, 30.33%, 0, 0, 16, 2314.74, 15453966, 1369
6505, 7, 744, 1174, 661, 0, 30.33%, 0, 0, 16, 2371.25, 15465778, 1369
6510, 7, 850, 1174, 661, 0, 30.33%, 0, 0, 16, 2339.04, 15477651, 1369
6516, 7, 906, 1174, 661, 0, 30.33%, 0, 0, 16, 2358.06, 15489826, 1369
6521, 7, 942, 1174, 661, 0, 30.33%, 0, 0, 16, 2246.85, 15501129, 1369
6526, 7, 850, 1174, 661, 0, 30.33%, 0, 0, 16, 2300.49, 15512733, 1369
6531, 7, 497, 1174, 661, 0, 30.33%, 0, 0, 16, 2309.70, 15524902, 1369
6536, 7, 152, 1174, 661, 0, 30.33%, 0, 0, 16, 2310.42, 15536585, 1369
6541, 7, 856, 1174, 660, 0, 30.33%, 0, 0, 16, 2212.76, 15547906, 1369
6546, 7, 131, 1174, 660, 0, 30.33%, 0, 0, 16, 2293.82, 15559684, 1369
6551, 7, 647, 1174, 660, 0, 30.33%, 0, 0, 16, 2304.47, 15571790, 1369
6556, 7, 179, 1174, 660, 0, 30.33%, 0, 0, 16, 2353.67, 15583633, 1369
6562, 7, 744, 1174, 660, 0, 30.33%, 0, 0, 16, 2285.14, 15595639, 1369
6567, 7, 1136, 1175, 660, 0, 30.33%, 0, 0, 16, 2358.34, 15607312, 1369
6572, 7, 1174, 1178, 663, 1, 30.33%, 0, 0, 16, 2352.96, 15619170, 1369
6577, 7, 1136, 1178, 662, 1, 30.33%, 0, 0, 16, 2382.78, 15631301, 1369
6582, 7, 1175, 1179, 663, 1, 30.33%, 0, 0, 16, 2282.03, 15642691, 1369
6587, 7, 1178, 1181, 663, 1, 30.33%, 0, 0, 16, 2346.98, 15654599, 1369
6592, 7, 504, 1182, 662, 1, 30.33%, 0, 0, 16, 2327.52, 15666661, 1369
6597, 7, 179, 1183, 662, 0, 30.33%, 0, 0, 16, 2344.34, 15678484, 1369
6602, 7, 184, 1183, 662, 0, 30.33%, 0, 0, 16, 2332.10, 15690580, 1369
6607, 7, 118, 1184, 663, 1, 30.33%, 0, 0, 16, 2333.29, 15702649, 1369
6612, 7, 443, 1184, 661, 0, 30.33%, 0, 0, 16, 2381.79, 15714505, 1369
6617, 7, 1136, 1184, 661, 0, 30.33%, 0, 0, 16, 2345.10, 15726276, 1369
6622, 7, 1065, 1184, 661, 0, 30.33%, 0, 0, 16, 2250.48, 15737480, 1369
6627, 7, 968, 1184, 661, 0, 30.33%, 0, 0, 16, 2358.12, 15749874, 1369
6632, 7, 1136, 1184, 661, 0, 30.33%, 0, 0, 16, 2325.80, 15761439, 1369
6637, 7, 1183, 1184, 661, 0, 30.33%, 0, 0, 16, 2348.62, 15773260, 1369
6643, 7, 1136, 1185, 661, 0, 30.33%, 0, 0, 16, 2296.79, 15784817, 1369
6648, 7, 1136, 1185, 661, 0, 30.33%, 0, 0, 16, 2346.09, 15796743, 1369
6653, 7, 1136, 1186, 662, 0, 30.33%, 0, 0, 16, 2133.26, 15807414, 1369
6658, 7, 896, 1186, 662, 0, 30.33%, 0, 0, 16, 2162.89, 15818303, 1369
6663, 7, 942, 1186, 662, 0, 30.33%, 0, 0, 16, 2194.46, 15829327, 1369
6668, 7, 310, 1186, 662, 0, 30.33%, 0, 0, 16, 2181.18, 15840222, 1369
6673, 7, 1183, 1186, 662, 0, 30.33%, 0, 0, 16, 2088.95, 15850789, 1369
6678, 7, 1136, 1186, 662, 0, 30.33%, 0, 0, 16, 2154.40, 15861765, 1369
6683, 7, 942, 1186, 662, 0, 30.33%, 0, 0, 16, 2183.65, 15873116, 1369
6688, 7, 649, 1186, 662, 0, 30.33%, 0, 0, 16, 2168.01, 15884037, 1369
6693, 7, 649, 1186, 662, 0, 30.33%, 0, 0, 16, 2110.98, 15894594, 1369
6698, 7, 1136, 1186, 662, 0, 30.33%, 0, 0, 16, 2242.05, 15906415, 1369
6703, 7, 443, 1186, 662, 0, 30.33%, 0, 0, 16, 2120.34, 15916580, 1369
6709, 7, 1136, 1186, 662, 0, 30.33%, 0, 0, 16, 2199.98, 15928167, 1369
6714, 7, 1136, 1186, 662, 0, 30.33%, 0, 0, 16, 2275.35, 15940061, 1369
6719, 7, 152, 1187, 663, 0, 30.33%, 0, 0, 16, 2244.06, 15951243, 1369
6724, 7, 131, 1187, 663, 0, 30.33%, 0, 0, 16, 2375.53, 15963809, 1369
6729, 7, 942, 1187, 663, 0, 30.33%, 0, 0, 16, 2309.53, 15975449, 1369
6734, 7, 898, 1187, 663, 0, 30.33%, 0, 0, 16, 2301.69, 15986757, 1369
6739, 7, 1180, 1187, 663, 0, 30.33%, 0, 0, 16, 2349.83, 15998833, 1369
6744, 7, 1136, 1187, 663, 0, 30.33%, 0, 0, 16, 2333.02, 16010828, 1369
6749, 7, 701, 1187, 663, 0, 30.33%, 0, 0, 16, 2331.27, 16022686, 1369
6754, 7, 701, 1187, 663, 0, 30.33%, 0, 0, 16, 2312.87, 16034226, 1369
6759, 7, 424, 1187, 663, 0, 30.33%, 0, 0, 16, 2359.07, 16046151, 1369
6764, 7, 285, 1188, 664, 0, 30.33%, 0, 0, 16, 2333.80, 16057521, 1369
6769, 7, 744, 1188, 664, 0, 30.33%, 0, 0, 16, 2345.02, 16069354, 1369
6774, 7, 942, 1188, 664, 0, 30.33%, 0, 0, 16, 2305.94, 16080974, 1369
6780, 7, 314, 1189, 665, 0, 30.33%, 0, 0, 16, 2341.73, 16092915, 1369
6785, 7, 942, 1190, 666, 0, 30.33%, 0, 0, 16, 2373.48, 16104727, 1369
6790, 7, 942, 1190, 666, 0, 30.33%, 0, 0, 16, 2355.00, 16117027, 1369
6795, 7, 313, 1190, 666, 0, 30.33%, 0, 0, 16, 2320.41, 16128597, 1369
6800, 7, 1136, 1190, 666, 0, 30.33%, 0, 0, 16, 2296.98, 16140487, 1369
6805, 7, 1110, 1190, 666, 0, 30.33%, 0, 0, 16, 2309.79, 16152477, 1369
6810, 7, 1136, 1190, 666, 0, 30.33%, 0, 0, 16, 2376.25, 16164794, 1369
6816, 7, 238, 1190, 666, 0, 30.33%, 0, 0, 16, 2348.85, 16176962, 1369
6821, 7, 424, 1190, 666, 0, 30.33%, 0, 0, 16, 2344.07, 16189334, 1369
6826, 7, 958, 1190, 666, 0, 30.33%, 0, 0, 16, 2404.99, 16201715, 1369
6831, 7, 1136, 1190, 666, 0, 30.33%, 0, 0, 16, 2364.89, 16214027, 1369
6836, 7, 179, 1190, 666, 0, 30.33%, 0, 0, 16, 2372.11, 16226317, 1369
6841, 7, 1136, 1190, 665, 0, 30.33%, 0, 0, 16, 2372.70, 16238172, 1369
6846, 7, 1022, 1190, 665, 0, 30.33%, 0, 0, 16, 2376.08, 16250095, 1369
6852, 7, 1022, 1190, 665, 0, 30.33%, 0, 0, 16, 2355.19, 16262478, 1369
6857, 7, 501, 1190, 665, 0, 30.33%, 0, 0, 16, 2329.78, 16274142, 1369
6862, 7, 246, 1190, 665, 0, 30.33%, 0, 0, 16, 2384.80, 16286664, 1369
6867, 7, 131, 1190, 664, 0, 30.33%, 0, 0, 16, 2334.83, 16298186, 1369
6872, 7, 1136, 1190, 664, 0, 30.33%, 0, 0, 16, 2349.72, 16309936, 1369
6877, 7, 1136, 1190, 664, 0, 30.33%, 0, 0, 16, 2349.64, 16321746, 1369
6882, 7, 850, 1190, 664, 0, 30.33%, 0, 0, 16, 2143.53, 16333062, 1369
6887, 7, 906, 1191, 664, 0, 30.33%, 0, 0, 16, 2366.58, 16345157, 1369
6892, 7, 1136, 1191, 664, 0, 30.33%, 0, 0, 16, 2326.75, 16356938, 1369
6897, 7, 1136, 1191, 664, 0, 30.33%, 0, 0, 16, 2379.90, 16369373, 1369
6902, 7, 850, 1191, 663, 0, 30.33%, 0, 0, 16, 2308.80, 16380874, 1369
6907, 7, 1136, 1191, 663, 0, 30.33%, 0, 0, 16, 2282.73, 16392395, 1369
6913, 7, 397, 1191, 663, 0, 30.33%, 0, 0, 16, 2323.78, 16404628, 1369
6918, 7, 1136, 1191, 663, 0, 30.33%, 0, 0, 16, 2375.55, 16417049, 1369
6923, 7, 495, 1191, 663, 0, 30.33%, 0, 0, 16, 2335.24, 16429123, 1369
6928, 7, 494, 1191, 663, 0, 30.33%, 0, 0, 16, 2353.59, 16441454, 1369
6933, 7, 1116, 1191, 663, 0, 30.33%, 0, 0, 16, 2337.74, 16453533, 1369
6938, 7, 1136, 1191, 663, 0, 30.33%, 0, 0, 16, 2325.46, 16465234, 1369
6944, 7, 195, 1191, 663, 0, 30.33%, 0, 0, 16, 2376.38, 16477456, 1369
6949, 7, 152, 1191, 663, 0, 30.33%, 0, 0, 16, 2358.32, 16489867, 1369
6954, 7, 1136, 1191, 663, 0, 30.33%, 0, 0, 16, 2368.71, 16501701, 1369
6959, 7, 1007, 1191, 663, 0, 30.33%, 0, 0, 16, 2436.14, 16514443, 1369
6964, 7, 1136, 1191, 663, 0, 30.33%, 0, 0, 16, 2457.96, 16527126, 1369
6969, 7, 1067, 1191, 663, 0, 30.33%, 0, 0, 16, 2222.23, 16538356, 1369
6974, 7, 1061, 1191, 662, 0, 30.33%, 0, 0, 16, 2024.60, 16548236, 1369
6979, 7, 850, 1192, 663, 0, 30.33%, 0, 0, 16, 2216.74, 16559667, 1369
6985, 7, 152, 1192, 663, 0, 30.33%, 0, 0, 16, 2294.33, 16571675, 1369
6990, 7, 1120, 1192, 663, 0, 30.33%, 0, 0, 16, 2269.74, 16582961, 1369
6995, 7, 152, 1192, 663, 0, 30.33%, 0, 0, 16, 2350.62, 16595020, 1369
7000, 7, 861, 1192, 663, 0, 30.33%, 0, 0, 16, 2373.19, 16606947, 1369
7005, 7, 891, 1192, 663, 0, 30.33%, 0, 0, 16, 2153.60, 16617619, 1369
7010, 7, 1136, 1193, 664, 0, 30.33%, 0, 0, 16, 2371.01, 16630161, 1369
7015, 7, 942, 1193, 664, 0, 30.33%, 0, 0, 16, 2364.56, 16642159, 1369
7020, 7, 1077, 1194, 665, 0, 30.33%, 0, 0, 16, 2354.66, 16654016, 1369
7025, 7, 179, 1194, 663, 0, 30.33%, 0, 0, 16, 2387.31, 16665997, 1369
7030, 7, 506, 1194, 663, 0, 30.33%, 0, 0, 16, 2331.70, 16677468, 1369
7035, 7, 179, 1194, 663, 0, 30.33%, 0, 0, 16, 2305.13, 16689313, 1369
7040, 7, 1136, 1194, 663, 0, 30.33%, 0, 0, 16, 2388.03, 16701295, 1369
7045, 7, 134, 1194, 663, 0, 30.33%, 0, 0, 16, 2323.87, 16712949, 1369
7050, 7, 701, 1194, 663, 0, 30.33%, 0, 0, 16, 2299.12, 16724472, 1369
7055, 7, 179, 1195, 663, 0, 30.33%, 0, 0, 16, 2337.61, 16736674, 1369
7060, 7, 1136, 1195, 663, 0, 30.33%, 0, 0, 16, 2395.95, 16748865, 1369
7065, 7, 1136, 1196, 664, 1, 30.33%, 0, 0, 16, 2332.62, 16760528, 1369
7071, 7, 896, 1196, 664, 1, 30.33%, 0, 0, 16, 2317.32, 16772006, 1369
7076, 7, 751, 1196, 664, 1, 30.33%, 0, 0, 16, 2286.79, 16783923, 1369
7081, 7, 1195, 1197, 665, 1, 30.33%, 0, 0, 16, 2313.72, 16795406, 1369
7086, 7, 1197, 1198, 665, 1, 30.33%, 0, 0, 16, 2264.06, 16806683, 1369
7091, 7, 152, 1198, 664, 0, 30.33%, 0, 0, 16, 2373.26, 16818814, 1369
7096, 7, 1136, 1198, 663, 0, 30.33%, 0, 0, 16, 2290.47, 16830144, 1369
7101, 7, 1060, 1198, 663, 0, 30.33%, 0, 0, 16, 2300.13, 16841595, 1369
7106, 7, 1136, 1198, 663, 0, 30.33%, 0, 0, 16, 2255.86, 16853134, 1369
7111, 7, 1136, 1199, 664, 0, 30.33%, 0, 0, 16, 2353.65, 16865122, 1369
7116, 7, 1145, 1199, 664, 0, 30.33%, 0, 0, 16, 2377.34, 16877675, 1369
7121, 7, 1136, 1199, 664, 0, 30.33%, 0, 0, 16, 2410.41, 16889911, 1369
7126, 7, 971, 1199, 664, 0, 30.33%, 0, 0, 16, 2421.44, 16902015, 1369
7132, 7, 179, 1199, 664, 0, 30.33%, 0, 0, 16, 2207.30, 16913353, 1369
7137, 7, 1197, 1201, 666, 0, 30.33%, 0, 0, 16, 2297.30, 16924904, 1369
7142, 7, 1197, 1201, 666, 0, 30.33%, 0, 0, 16, 2358.84, 16936786, 1369
7147, 7, 1197, 1201, 666, 0, 30.33%, 0, 0, 16, 2274.48, 16948349, 1369
7152, 7, 1197, 1201, 666, 0, 30.33%, 0, 0, 16, 2352.44, 16960249, 1369
7157, 7, 856, 1201, 665, 0, 30.33%, 0, 0, 16, 2373.99, 16972178, 1369
7162, 7, 342, 1201, 665, 0, 30.33%, 0, 0, 16, 2358.86, 16984009, 1369
7167, 7, 909, 1201, 664, 0, 30.33%, 0, 0, 16, 2421.88, 16996214, 1369
7172, 7, 527, 1201, 664, 0, 30.33%, 0, 0, 16, 2402.54, 17008743, 1369
7177, 7, 1110, 1201, 664, 0, 30.33%, 0, 0, 16, 2390.52, 17021266, 1369
7182, 7, 646, 1201, 664, 0, 30.33%, 0, 0, 16, 2337.89, 17033100, 1369
7187, 7, 1136, 1201, 664, 0, 30.33%, 0, 0, 16, 2336.60, 17044848, 1369
7192, 7, 1136, 1201, 664, 0, 30.33%, 0, 0, 16, 2257.00, 17056280, 1369
7197, 7, 1136, 1201, 664, 0, 30.33%, 0, 0, 16, 2280.75, 17067824, 1369
7197, 7, 1136, 1201, 664, 0, 30.33%, 0, 0, 16, 2267.23, 17067952, 1369
