# relative_time, cycles_done, cur_path, paths_total, pending_total, pending_favs, map_size, unique_crashes, unique_hangs, max_depth, execs_per_sec, total_execs, edges_found
61, 0, 151, 287, 270, 76, 20.69%, 0, 0, 3, 2202.28, 135394, 934
66, 0, 151, 289, 272, 76, 20.74%, 0, 0, 3, 2138.53, 146218, 936
71, 0, 151, 289, 272, 76, 20.74%, 0, 0, 3, 2190.40, 157148, 936
76, 0, 165, 310, 287, 71, 21.05%, 0, 0, 3, 2270.98, 168885, 950
81, 0, 165, 322, 299, 71, 21.05%, 0, 0, 3, 2271.40, 180105, 950
86, 0, 165, 328, 305, 71, 21.09%, 0, 0, 3, 2155.02, 191125, 952
91, 0, 316, 338, 313, 72, 21.16%, 0, 0, 4, 2249.99, 202480, 955
96, 0, 316, 342, 317, 72, 21.16%, 0, 0, 4, 2249.50, 214440, 955
101, 0, 316, 347, 322, 72, 21.18%, 0, 0, 4, 2008.99, 224492, 956
106, 0, 346, 357, 331, 72, 21.20%, 0, 0, 5, 2302.24, 236334, 957
111, 0, 346, 360, 334, 72, 21.20%, 0, 0, 5, 2308.21, 248260, 957
117, 0, 346, 362, 336, 72, 21.20%, 0, 0, 5, 2174.82, 259308, 957
117, 0, 346, 362, 336, 72, 21.20%, 0, 0, 5, 2166.92, 261125, 957
