# relative_time, cycles_done, cur_path, paths_total, pending_total, pending_favs, map_size, unique_crashes, unique_hangs, max_depth, execs_per_sec, total_execs, edges_found
60, 0, 313, 361, 340, 91, 22.22%, 0, 0, 5, 2247.80, 138713, 1003
65, 0, 168, 395, 371, 88, 22.60%, 0, 0, 5, 2348.42, 150724, 1020
70, 0, 168, 396, 372, 88, 22.64%, 0, 0, 5, 2151.88, 161592, 1022
75, 0, 168, 397, 373, 88, 22.66%, 0, 0, 5, 2294.75, 173299, 1023
80, 0, 334, 410, 384, 97, 22.66%, 0, 0, 5, 2196.07, 184349, 1023
85, 0, 334, 416, 390, 97, 22.66%, 0, 0, 5, 2310.10, 196227, 1023
91, 0, 334, 417, 391, 97, 22.66%, 0, 0, 5, 2021.13, 206413, 1023
96, 0, 348, 420, 393, 97, 22.84%, 0, 0, 5, 2156.64, 217429, 1031
101, 0, 296, 426, 391, 89, 22.84%, 0, 0, 5, 2014.39, 227599, 1031
106, 0, 296, 434, 399, 89, 22.91%, 0, 0, 5, 2186.67, 238723, 1034
111, 0, 296, 437, 402, 89, 23.15%, 0, 0, 5, 2116.05, 249092, 1045
116, 0, 296, 440, 405, 89, 23.15%, 0, 0, 5, 2123.70, 259931, 1045
121, 0, 0, 490, 451, 90, 24.57%, 0, 0, 5, 2005.76, 270300, 1109
126, 0, 0, 502, 463, 90, 24.63%, 0, 0, 5, 1963.61, 280371, 1112
131, 0, 0, 509, 470, 90, 24.72%, 0, 0, 5, 2134.77, 291164, 1116
136, 0, 197, 514, 473, 115, 24.75%, 0, 0, 5, 2190.80, 302651, 1117
141, 0, 512, 516, 466, 107, 24.77%, 0, 0, 5, 2354.82, 314564, 1118
146, 0, 485, 521, 465, 101, 24.99%, 0, 0, 5, 2149.66, 325230, 1128
151, 0, 419, 528, 467, 99, 25.06%, 0, 0, 6, 2021.14, 335327, 1131
156, 0, 533, 549, 486, 102, 25.88%, 0, 0, 6, 2107.80, 346379, 1168
162, 0, 533, 550, 487, 102, 25.88%, 0, 0, 6, 2175.93, 358143, 1168
167, 0, 533, 551, 488, 102, 25.92%, 0, 0, 6, 2217.14, 368999, 1170
172, 0, 491, 551, 483, 102, 25.92%, 0, 0, 6, 2185.74, 380058, 1170
177, 0, 115, 554, 479, 98, 25.96%, 0, 0, 6, 2176.51, 390898, 1172
182, 0, 2, 588, 507, 95, 26.21%, 0, 0, 7, 2161.60, 402146, 1183
187, 0, 2, 598, 517, 95, 26.32%, 0, 0, 7, 2271.30, 414108, 1188
192, 0, 2, 601, 520, 95, 26.61%, 0, 0, 7, 2210.02, 425352, 1201
197, 0, 227, 604, 520, 108, 26.69%, 0, 0, 7, 2318.82, 437100, 1205
202, 0, 520, 614, 523, 103, 26.72%, 0, 0, 7, 2260.23, 448555, 1206
208, 0, 531, 639, 547, 106, 27.09%, 0, 0, 7, 2113.82, 459320, 1223
213, 0, 531, 639, 547, 106, 27.09%, 0, 0, 7, 2125.80, 470094, 1223
218, 0, 531, 639, 547, 106, 27.09%, 0, 0, 7, 2262.69, 481742, 1223
223, 0, 611, 646, 548, 109, 27.12%, 0, 0, 7, 2439.17, 494247, 1224
228, 0, 476, 649, 543, 101, 27.14%, 0, 0, 7, 2396.26, 506386, 1225
233, 0, 632, 649, 536, 94, 27.14%, 0, 0, 7, 2366.90, 518511, 1225
238, 0, 533, 656, 537, 91, 27.16%, 0, 0, 7, 2219.38, 529947, 1226
243, 0, 342, 662, 536, 86, 27.18%, 0, 0, 7, 2163.48, 540962, 1227
248, 0, 465, 670, 537, 80, 27.23%, 0, 0, 7, 2154.16, 552086, 1229
254, 0, 619, 673, 534, 77, 27.29%, 0, 0, 9, 2136.69, 563144, 1232
259, 0, 672, 673, 526, 69, 27.29%, 0, 0, 9, 2222.70, 574204, 1232
264, 0, 653, 680, 525, 61, 27.29%, 0, 0, 9, 2389.28, 586553, 1232
269, 0, 560, 690, 528, 57, 27.29%, 0, 0, 9, 2205.78, 597857, 1232
274, 0, 681, 696, 527, 51, 27.40%, 0, 0, 9, 2179.21, 609164, 1237
279, 0, 681, 703, 534, 51, 27.56%, 0, 0, 9, 2260.29, 620335, 1244
284, 0, 681, 707, 538, 51, 27.60%, 0, 0, 9, 2320.17, 631976, 1246
289, 0, 225, 707, 537, 54, 27.60%, 0, 0, 9, 2216.83, 643106, 1246
294, 0, 480, 708, 532, 49, 27.63%, 0, 0, 9, 2401.38, 655533, 1247
299, 0, 701, 712, 528, 42, 27.65%, 0, 0, 9, 2316.04, 667561, 1248
304, 0, 594, 714, 520, 33, 27.65%, 0, 0, 9, 2267.98, 679262, 1248
309, 0, 222, 727, 532, 32, 28.02%, 0, 0, 9, 2334.74, 691143, 1265
315, 0, 222, 728, 533, 32, 28.02%, 0, 0, 9, 2195.09, 702188, 1265
320, 0, 636, 735, 532, 39, 28.11%, 0, 0, 9, 2406.31, 714452, 1269
325, 0, 429, 736, 531, 37, 28.11%, 0, 0, 9, 2326.78, 726367, 1269
330, 0, 734, 752, 539, 30, 28.58%, 0, 0, 9, 2490.86, 739344, 1290
335, 0, 579, 783, 563, 42, 28.69%, 0, 0, 9, 2409.07, 751802, 1295
340, 0, 750, 785, 563, 41, 28.71%, 0, 0, 9, 2538.50, 765152, 1296
345, 0, 776, 792, 562, 38, 28.80%, 0, 0, 9, 2475.01, 777519, 1300
350, 0, 592, 804, 566, 39, 28.98%, 0, 0, 9, 2461.45, 789988, 1308
355, 0, 802, 806, 563, 34, 28.98%, 0, 0, 9, 2307.08, 801303, 1308
361, 0, 810, 813, 566, 32, 29.00%, 0, 0, 9, 2150.52, 812421, 1309
366, 0, 115, 820, 567, 32, 29.40%, 0, 0, 9, 2233.72, 824109, 1327
371, 0, 791, 826, 569, 32, 29.46%, 0, 0, 10, 2106.49, 834718, 1330
376, 0, 819, 832, 572, 33, 29.55%, 0, 0, 11, 2098.26, 845322, 1334
381, 0, 788, 837, 569, 28, 29.62%, 0, 0, 11, 2375.13, 857883, 1337
386, 0, 815, 842, 570, 26, 29.66%, 0, 0, 11, 2618.83, 871185, 1339
391, 0, 636, 843, 567, 24, 29.69%, 0, 0, 11, 2502.59, 883176, 1340
396, 0, 730, 846, 566, 22, 29.71%, 0, 0, 11, 2492.36, 895738, 1341
401, 0, 787, 848, 565, 19, 29.71%, 0, 0, 11, 2591.52, 908915, 1341
406, 0, 851, 854, 566, 18, 29.82%, 0, 0, 13, 2612.53, 922428, 1346
411, 0, 841, 856, 566, 17, 29.86%, 0, 0, 13, 2608.85, 936093, 1348
416, 0, 853, 856, 563, 16, 29.86%, 0, 0, 13, 2609.51, 949070, 1348
421, 0, 831, 858, 560, 11, 29.91%, 0, 0, 13, 2551.75, 961965, 1350
427, 0, 839, 862, 559, 10, 29.97%, 0, 0, 13, 2470.63, 974019, 1353
432, 0, 748, 867, 560, 9, 30.13%, 0, 0, 13, 2606.86, 987712, 1360
437, 0, 334, 869, 559, 7, 30.15%, 0, 0, 13, 2484.76, 999964, 1361
442, 0, 859, 872, 559, 8, 30.17%, 0, 0, 13, 2464.63, 1012355, 1362
447, 0, 240, 872, 558, 7, 30.17%, 0, 0, 13, 2271.96, 1023759, 1362
452, 0, 334, 874, 558, 5, 30.17%, 0, 0, 13, 2376.92, 1035778, 1362
457, 0, 636, 875, 557, 4, 30.17%, 0, 0, 13, 2138.66, 1046431, 1362
462, 0, 636, 875, 557, 4, 30.17%, 0, 0, 13, 2111.75, 1057099, 1362
467, 0, 873, 882, 562, 2, 30.17%, 0, 0, 13, 2125.69, 1068040, 1362
472, 0, 822, 884, 562, 2, 30.17%, 0, 0, 13, 2171.53, 1078997, 1362
477, 0, 329, 890, 565, 1, 30.22%, 0, 0, 13, 2193.16, 1090180, 1364
482, 0, 174, 890, 564, 1, 30.22%, 0, 0, 13, 2250.77, 1101532, 1364
487, 0, 636, 891, 564, 0, 30.22%, 0, 0, 13, 2100.55, 1112134, 1364
493, 0, 636, 891, 564, 0, 30.22%, 0, 0, 13, 2092.05, 1122838, 1364
498, 0, 819, 891, 564, 0, 30.22%, 0, 0, 13, 2093.23, 1133401, 1364
503, 0, 735, 891, 564, 0, 30.22%, 0, 0, 13, 2217.52, 1144733, 1364
508, 0, 533, 891, 564, 0, 30.22%, 0, 0, 13, 2341.55, 1156249, 1364
513, 0, 636, 893, 566, 1, 30.24%, 0, 0, 13, 2321.60, 1167641, 1365
518, 0, 653, 893, 566, 1, 30.24%, 0, 0, 13, 2302.75, 1179184, 1365
523, 0, 334, 893, 566, 1, 30.24%, 0, 0, 13, 2440.74, 1192215, 1365
528, 0, 351, 893, 564, 0, 30.24%, 0, 0, 13, 2533.42, 1205079, 1365
533, 0, 822, 893, 564, 0, 30.24%, 0, 0, 13, 2605.46, 1218552, 1365
538, 0, 636, 893, 564, 0, 30.24%, 0, 0, 13, 2449.75, 1231142, 1365
543, 0, 636, 893, 564, 0, 30.24%, 0, 0, 13, 2296.02, 1242841, 1365
549, 0, 636, 894, 565, 0, 30.24%, 0, 0, 13, 2259.61, 1254528, 1365
554, 0, 636, 894, 565, 0, 30.24%, 0, 0, 13, 2438.12, 1267154, 1365
559, 0, 636, 894, 565, 0, 30.24%, 0, 0, 13, 2300.96, 1278614, 1365
564, 0, 476, 894, 565, 0, 30.24%, 0, 0, 13, 2390.23, 1290740, 1365
569, 0, 240, 894, 565, 0, 30.24%, 0, 0, 13, 2317.33, 1302547, 1365
574, 0, 822, 894, 565, 0, 30.24%, 0, 0, 13, 2079.49, 1312687, 1365
579, 0, 636, 894, 565, 0, 30.24%, 0, 0, 13, 2161.45, 1323735, 1365
584, 0, 50, 895, 565, 0, 30.24%, 0, 0, 13, 2242.12, 1335418, 1365
589, 0, 735, 896, 565, 0, 30.24%, 0, 0, 13, 2102.28, 1346155, 1365
595, 0, 810, 896, 565, 0, 30.24%, 0, 0, 13, 2213.64, 1357738, 1365
600, 0, 636, 896, 565, 0, 30.24%, 0, 0, 13, 2455.04, 1370301, 1365
605, 0, 730, 896, 565, 0, 30.24%, 0, 0, 13, 2450.61, 1382742, 1365
610, 0, 681, 897, 566, 0, 30.24%, 0, 0, 13, 2218.90, 1393944, 1365
615, 0, 527, 900, 569, 0, 30.24%, 0, 0, 13, 2130.72, 1404601, 1365
620, 0, 504, 900, 569, 0, 30.24%, 0, 0, 13, 2125.98, 1415343, 1365
625, 0, 334, 900, 569, 0, 30.24%, 0, 0, 13, 2414.18, 1427592, 1365
630, 0, 866, 900, 569, 0, 30.24%, 0, 0, 13, 2567.41, 1441008, 1365
635, 0, 229, 900, 569, 0, 30.24%, 0, 0, 13, 2267.67, 1452491, 1365
640, 0, 636, 901, 569, 0, 30.24%, 0, 0, 13, 2266.38, 1464091, 1365
645, 0, 227, 901, 569, 0, 30.24%, 0, 0, 13, 2388.98, 1476186, 1365
650, 0, 131, 901, 569, 0, 30.24%, 0, 0, 13, 2333.13, 1487937, 1365
655, 0, 553, 902, 570, 0, 30.24%, 0, 0, 13, 2226.10, 1498884, 1365
660, 0, 636, 902, 570, 0, 30.24%, 0, 0, 13, 2407.41, 1511721, 1365
666, 0, 132, 902, 570, 0, 30.24%, 0, 0, 13, 2463.62, 1524608, 1365
671, 0, 894, 904, 572, 0, 30.26%, 0, 0, 13, 2409.40, 1536872, 1366
676, 0, 532, 905, 573, 1, 30.26%, 0, 0, 13, 2594.08, 1550433, 1366
681, 0, 367, 905, 573, 1, 30.26%, 0, 0, 13, 2343.28, 1561776, 1366
686, 0, 636, 905, 571, 1, 30.26%, 0, 0, 13, 2302.43, 1573517, 1366
691, 0, 444, 905, 570, 1, 30.26%, 0, 0, 13, 2411.02, 1586208, 1366
696, 0, 636, 905, 570, 1, 30.26%, 0, 0, 13, 2308.71, 1597680, 1366
702, 0, 726, 906, 570, 1, 30.26%, 0, 0, 13, 2471.47, 1610708, 1366
707, 0, 636, 907, 571, 1, 30.26%, 0, 0, 13, 2492.77, 1623086, 1366
712, 0, 287, 907, 571, 1, 30.26%, 0, 0, 13, 2443.41, 1635363, 1366
717, 0, 636, 908, 571, 1, 30.26%, 0, 0, 13, 2373.69, 1647734, 1366
722, 0, 841, 909, 571, 1, 30.28%, 0, 0, 13, 2229.83, 1658644, 1367
727, 0, 358, 909, 570, 0, 30.28%, 0, 0, 13, 2262.07, 1670178, 1367
732, 0, 841, 909, 570, 0, 30.28%, 0, 0, 13, 2205.22, 1681088, 1367
737, 0, 533, 909, 570, 0, 30.28%, 0, 0, 13, 2380.67, 1693793, 1367
742, 0, 240, 909, 570, 0, 30.28%, 0, 0, 13, 2170.60, 1704582, 1367
747, 0, 636, 909, 570, 0, 30.28%, 0, 0, 13, 2249.93, 1716402, 1367
752, 0, 229, 909, 570, 0, 30.28%, 0, 0, 13, 2187.69, 1727700, 1367
757, 0, 636, 910, 571, 0, 30.28%, 0, 0, 13, 2156.63, 1738334, 1367
762, 0, 533, 911, 572, 1, 30.31%, 0, 0, 14, 2310.90, 1749893, 1368
767, 0, 857, 912, 572, 1, 30.33%, 0, 0, 15, 2241.21, 1760799, 1369
773, 0, 859, 912, 571, 0, 30.33%, 0, 0, 15, 2257.89, 1772639, 1369
778, 0, 905, 913, 572, 0, 30.33%, 0, 0, 15, 2472.39, 1785063, 1369
783, 0, 636, 914, 572, 1, 30.33%, 0, 0, 15, 2428.89, 1797605, 1369
788, 0, 636, 914, 572, 1, 30.33%, 0, 0, 15, 2233.91, 1808251, 1369
793, 0, 636, 916, 573, 0, 30.33%, 0, 0, 15, 2276.22, 1819771, 1369
798, 0, 636, 916, 573, 0, 30.33%, 0, 0, 15, 2353.09, 1832283, 1369
803, 0, 156, 916, 573, 0, 30.33%, 0, 0, 15, 2253.45, 1843551, 1369
808, 0, 173, 916, 573, 0, 30.33%, 0, 0, 15, 2508.91, 1856467, 1369
813, 0, 636, 916, 573, 0, 30.33%, 0, 0, 15, 2400.14, 1868560, 1369
818, 0, 726, 916, 573, 0, 30.33%, 0, 0, 15, 2266.39, 1879653, 1369
823, 0, 859, 916, 573, 0, 30.33%, 0, 0, 15, 2427.81, 1891784, 1369
828, 0, 636, 916, 572, 0, 30.33%, 0, 0, 15, 2484.40, 1903980, 1369
834, 0, 579, 916, 572, 0, 30.33%, 0, 0, 15, 2263.32, 1915112, 1369
839, 0, 563, 917, 573, 0, 30.33%, 0, 0, 15, 2279.38, 1927081, 1369
844, 0, 636, 917, 573, 0, 30.33%, 0, 0, 15, 2205.82, 1938263, 1369
849, 0, 843, 917, 573, 0, 30.33%, 0, 0, 15, 2314.41, 1949669, 1369
854, 0, 533, 917, 573, 0, 30.33%, 0, 0, 15, 2483.25, 1962828, 1369
859, 0, 587, 917, 573, 0, 30.33%, 0, 0, 15, 2435.88, 1975109, 1369
864, 0, 240, 917, 573, 0, 30.33%, 0, 0, 15, 2313.13, 1987279, 1369
869, 0, 819, 917, 573, 0, 30.33%, 0, 0, 15, 2435.60, 1999896, 1369
874, 0, 792, 917, 573, 0, 30.33%, 0, 0, 15, 2369.88, 2011615, 1369
879, 0, 652, 917, 573, 0, 30.33%, 0, 0, 15, 2143.20, 2021939, 1369
884, 0, 866, 917, 573, 0, 30.33%, 0, 0, 15, 2458.10, 2034921, 1369
890, 0, 636, 917, 573, 0, 30.33%, 0, 0, 15, 2527.32, 2048340, 1369
895, 0, 636, 918, 574, 0, 30.33%, 0, 0, 15, 2291.53, 2059618, 1369
900, 0, 819, 918, 574, 0, 30.33%, 0, 0, 15, 2226.39, 2070696, 1369
905, 0, 512, 918, 574, 0, 30.33%, 0, 0, 15, 2477.85, 2083529, 1369
910, 0, 636, 919, 575, 0, 30.33%, 0, 0, 15, 2575.83, 2096717, 1369
915, 0, 636, 920, 576, 0, 30.33%, 0, 0, 15, 2478.84, 2108564, 1369
920, 0, 865, 921, 577, 0, 30.35%, 0, 0, 15, 2353.89, 2120541, 1370
925, 0, 894, 924, 580, 1, 30.35%, 0, 0, 15, 2192.55, 2131417, 1370
930, 0, 675, 924, 580, 1, 30.35%, 0, 0, 15, 2229.28, 2142947, 1370
935, 0, 640, 924, 578, 1, 30.35%, 0, 0, 15, 2175.84, 2153636, 1370
940, 0, 240, 926, 579, 1, 30.35%, 0, 0, 15, 2186.47, 2164384, 1370
946, 0, 810, 926, 579, 1, 30.35%, 0, 0, 15, 2283.71, 2176160, 1370
951, 0, 672, 927, 580, 1, 30.35%, 0, 0, 15, 2396.46, 2188137, 1370
956, 0, 629, 927, 579, 1, 30.35%, 0, 0, 15, 2214.33, 2199254, 1370
961, 0, 187, 927, 576, 0, 30.35%, 0, 0, 15, 2336.50, 2211189, 1370
966, 0, 636, 928, 577, 0, 30.35%, 0, 0, 15, 2326.06, 2223401, 1370
971, 0, 636, 928, 577, 0, 30.35%, 0, 0, 15, 2329.05, 2235217, 1370
976, 0, 240, 928, 577, 0, 30.35%, 0, 0, 15, 2348.35, 2246808, 1370
981, 0, 636, 928, 577, 0, 30.35%, 0, 0, 15, 2216.67, 2257877, 1370
986, 0, 826, 928, 577, 0, 30.35%, 0, 0, 15, 2390.57, 2270237, 1370
991, 0, 431, 928, 577, 0, 30.35%, 0, 0, 15, 2260.72, 2281557, 1370
996, 0, 636, 928, 577, 0, 30.35%, 0, 0, 15, 2309.79, 2292935, 1370
1001, 0, 479, 928, 577, 0, 30.35%, 0, 0, 15, 2211.56, 2303771, 1370
1006, 0, 533, 928, 577, 0, 30.35%, 0, 0, 15, 2499.17, 2317189, 1370
1012, 0, 725, 928, 577, 0, 30.35%, 0, 0, 15, 2498.68, 2330093, 1370
1017, 0, 808, 928, 577, 0, 30.35%, 0, 0, 15, 2440.84, 2343024, 1370
1022, 0, 636, 928, 577, 0, 30.35%, 0, 0, 15, 2497.11, 2355535, 1370
1027, 0, 732, 928, 577, 0, 30.35%, 0, 0, 15, 2149.59, 2366447, 1370
1032, 0, 822, 928, 577, 0, 30.35%, 0, 0, 15, 2150.66, 2376938, 1370
1037, 1, 750, 928, 577, 0, 30.35%, 0, 0, 15, 2264.80, 2388872, 1370
1042, 1, 824, 930, 578, 0, 30.35%, 0, 0, 15, 2270.72, 2400129, 1370
1047, 1, 894, 931, 579, 0, 30.35%, 0, 0, 15, 2292.64, 2411616, 1370
1052, 1, 747, 931, 579, 0, 30.35%, 0, 0, 15, 2419.24, 2423935, 1370
1057, 1, 810, 932, 580, 0, 30.35%, 0, 0, 15, 2112.77, 2434490, 1370
1062, 1, 532, 932, 580, 0, 30.35%, 0, 0, 15, 2254.77, 2445273, 1370
1068, 1, 860, 932, 580, 0, 30.35%, 0, 0, 15, 2292.37, 2457414, 1370
1073, 1, 252, 933, 580, 1, 30.37%, 0, 0, 15, 2344.94, 2469016, 1371
1078, 1, 932, 934, 580, 1, 30.37%, 0, 0, 15, 2317.03, 2480797, 1371
1083, 1, 172, 934, 579, 0, 30.37%, 0, 0, 15, 2477.37, 2493786, 1371
1088, 1, 240, 934, 579, 0, 30.37%, 0, 0, 15, 2258.50, 2505556, 1371
1093, 1, 215, 934, 579, 0, 30.37%, 0, 0, 15, 2061.45, 2515508, 1371
1098, 1, 810, 935, 580, 0, 30.37%, 0, 0, 15, 2300.98, 2527912, 1371
1103, 1, 592, 936, 581, 0, 30.37%, 0, 0, 15, 2215.32, 2538803, 1371
1108, 1, 843, 936, 581, 1, 30.37%, 0, 0, 15, 2261.64, 2550218, 1371
1113, 1, 653, 936, 581, 1, 30.37%, 0, 0, 15, 2263.51, 2561842, 1371
1118, 1, 334, 938, 582, 1, 30.37%, 0, 0, 15, 2051.35, 2571985, 1371
1124, 1, 393, 939, 582, 0, 30.37%, 0, 0, 15, 2136.09, 2582667, 1371
1129, 1, 636, 939, 582, 0, 30.37%, 0, 0, 15, 2455.02, 2595838, 1371
1134, 1, 611, 939, 582, 0, 30.37%, 0, 0, 15, 2258.05, 2607246, 1371
1139, 1, 894, 939, 582, 0, 30.37%, 0, 0, 15, 2223.45, 2618413, 1371
1144, 1, 334, 939, 581, 0, 30.37%, 0, 0, 15, 2501.33, 2631385, 1371
1149, 1, 787, 939, 581, 0, 30.37%, 0, 0, 15, 2578.93, 2644607, 1371
1154, 1, 841, 939, 581, 0, 30.37%, 0, 0, 15, 2475.82, 2656692, 1371
1159, 1, 371, 939, 581, 0, 30.37%, 0, 0, 15, 2454.31, 2668965, 1371
1164, 1, 527, 939, 581, 0, 30.37%, 0, 0, 15, 2550.79, 2681733, 1371
1169, 1, 833, 939, 580, 0, 30.37%, 0, 0, 15, 2549.25, 2694970, 1371
1174, 1, 636, 939, 580, 0, 30.37%, 0, 0, 15, 2366.56, 2706865, 1371
1179, 1, 672, 939, 580, 0, 30.37%, 0, 0, 15, 2224.56, 2717815, 1371
1184, 1, 884, 939, 580, 0, 30.37%, 0, 0, 15, 2032.90, 2727413, 1371
1189, 1, 636, 939, 580, 0, 30.37%, 0, 0, 15, 2237.41, 2738885, 1371
1194, 1, 636, 939, 580, 0, 30.37%, 0, 0, 15, 2266.48, 2750110, 1371
1199, 1, 634, 940, 580, 0, 30.37%, 0, 0, 15, 2333.85, 2761821, 1371
1204, 1, 636, 940, 580, 0, 30.37%, 0, 0, 15, 2276.50, 2772908, 1371
1209, 1, 778, 940, 580, 0, 30.37%, 0, 0, 15, 2293.55, 2784663, 1371
1214, 1, 322, 941, 581, 0, 30.37%, 0, 0, 15, 2142.30, 2794898, 1371
1220, 1, 747, 942, 582, 0, 30.37%, 0, 0, 15, 2393.19, 2807536, 1371
1225, 1, 866, 944, 583, 0, 30.37%, 0, 0, 15, 2318.86, 2819499, 1371
1230, 1, 533, 944, 582, 0, 30.37%, 0, 0, 15, 2411.70, 2832187, 1371
1235, 1, 636, 944, 581, 0, 30.37%, 0, 0, 15, 2252.86, 2843550, 1371
1240, 1, 681, 944, 581, 0, 30.37%, 0, 0, 15, 2128.34, 2854207, 1371
1245, 1, 845, 944, 581, 0, 30.37%, 0, 0, 15, 2139.20, 2864713, 1371
1250, 1, 822, 944, 581, 0, 30.37%, 0, 0, 15, 2113.44, 2875180, 1371
1255, 1, 819, 944, 581, 0, 30.37%, 0, 0, 15, 2176.62, 2886061, 1371
1260, 1, 822, 945, 582, 0, 30.37%, 0, 0, 15, 2178.10, 2897132, 1371
1265, 1, 636, 945, 581, 0, 30.37%, 0, 0, 15, 2069.96, 2907530, 1371
1270, 1, 819, 945, 581, 0, 30.37%, 0, 0, 15, 2173.15, 2918887, 1371
1275, 1, 611, 945, 581, 0, 30.37%, 0, 0, 15, 2039.12, 2928564, 1371
1280, 1, 636, 945, 581, 0, 30.37%, 0, 0, 15, 2331.36, 2940445, 1371
1285, 1, 822, 945, 581, 0, 30.37%, 0, 0, 15, 2277.99, 2951795, 1371
1290, 1, 348, 945, 581, 0, 30.37%, 0, 0, 15, 2245.81, 2962886, 1371
1295, 1, 533, 945, 581, 0, 30.37%, 0, 0, 15, 2103.42, 2973318, 1371
1301, 1, 640, 945, 581, 0, 30.37%, 0, 0, 15, 2052.31, 2983963, 1371
1306, 1, 334, 946, 581, 1, 30.44%, 0, 0, 15, 2065.97, 2993554, 1374
1311, 1, 826, 946, 581, 1, 30.44%, 0, 0, 15, 2235.24, 3005690, 1374
1316, 1, 636, 946, 581, 1, 30.44%, 0, 0, 15, 2312.86, 3017488, 1374
1321, 1, 172, 946, 580, 1, 30.44%, 0, 0, 15, 2479.33, 3030077, 1374
1326, 1, 640, 948, 579, 0, 30.44%, 0, 0, 15, 2392.91, 3042461, 1374
1331, 1, 636, 948, 579, 0, 30.44%, 0, 0, 15, 2402.88, 3054432, 1374
1336, 1, 862, 948, 579, 0, 30.44%, 0, 0, 15, 2254.76, 3065547, 1374
1342, 1, 334, 949, 579, 0, 30.44%, 0, 0, 15, 2373.38, 3078130, 1374
1347, 1, 636, 949, 579, 0, 30.44%, 0, 0, 15, 2296.71, 3089011, 1374
1352, 1, 636, 949, 578, 0, 30.44%, 0, 0, 15, 2477.04, 3102183, 1374
1357, 1, 221, 949, 578, 0, 30.44%, 0, 0, 15, 2149.32, 3113077, 1374
1362, 1, 334, 949, 578, 0, 30.44%, 0, 0, 15, 2280.62, 3124491, 1374
1367, 1, 516, 951, 580, 0, 30.44%, 0, 0, 15, 2352.51, 3136494, 1374
1372, 1, 594, 951, 580, 0, 30.44%, 0, 0, 15, 2325.17, 3147678, 1374
1377, 1, 636, 951, 580, 0, 30.44%, 0, 0, 15, 2385.22, 3160014, 1374
1382, 1, 866, 951, 580, 0, 30.44%, 0, 0, 15, 2335.09, 3172060, 1374
1387, 1, 599, 955, 584, 0, 30.44%, 0, 0, 15, 2459.37, 3184477, 1374
1392, 1, 599, 956, 585, 0, 30.44%, 0, 0, 15, 2417.75, 3196557, 1374
1397, 1, 636, 956, 585, 1, 30.44%, 0, 0, 15, 2369.63, 3207797, 1374
1402, 1, 782, 957, 585, 0, 30.44%, 0, 0, 15, 2260.51, 3219352, 1374
1407, 1, 841, 957, 585, 0, 30.44%, 0, 0, 15, 2164.04, 3230215, 1374
1412, 1, 636, 957, 585, 0, 30.44%, 0, 0, 15, 2213.24, 3241455, 1374
1417, 1, 533, 957, 585, 0, 30.44%, 0, 0, 15, 2257.69, 3252578, 1374
1423, 1, 636, 958, 586, 0, 30.44%, 0, 0, 15, 2455.40, 3265508, 1374
1428, 1, 694, 958, 586, 0, 30.44%, 0, 0, 15, 2503.59, 3277676, 1374
1433, 1, 357, 959, 587, 0, 30.44%, 0, 0, 15, 2488.88, 3290110, 1374
1438, 1, 866, 959, 587, 0, 30.44%, 0, 0, 15, 2354.55, 3302016, 1374
1443, 1, 639, 960, 588, 1, 30.44%, 0, 0, 15, 2417.99, 3313639, 1374
1448, 1, 959, 963, 591, 1, 30.44%, 0, 0, 15, 2414.98, 3325864, 1374
1453, 1, 636, 963, 589, 0, 30.44%, 0, 0, 15, 2313.83, 3337270, 1374
1458, 1, 817, 964, 590, 0, 30.44%, 0, 0, 15, 2170.45, 3348220, 1374
1463, 1, 636, 964, 590, 0, 30.44%, 0, 0, 15, 2199.84, 3358935, 1374
1468, 1, 735, 964, 590, 0, 30.44%, 0, 0, 15, 2363.32, 3371260, 1374
1473, 1, 334, 964, 590, 0, 30.44%, 0, 0, 15, 2349.96, 3382925, 1374
1478, 1, 619, 964, 590, 0, 30.44%, 0, 0, 15, 2462.10, 3395590, 1374
1483, 1, 824, 966, 591, 1, 30.46%, 0, 0, 15, 2379.65, 3407776, 1375
1488, 1, 115, 969, 592, 2, 30.57%, 0, 0, 15, 2454.71, 3419671, 1380
1493, 1, 636, 972, 592, 1, 30.70%, 0, 0, 15, 2462.20, 3432195, 1386
1498, 1, 636, 972, 591, 0, 30.70%, 0, 0, 15, 2491.97, 3444679, 1386
1503, 1, 971, 972, 591, 0, 30.70%, 0, 0, 15, 2412.95, 3456851, 1386
1508, 1, 971, 972, 591, 0, 30.70%, 0, 0, 15, 2346.93, 3468425, 1386
1514, 1, 115, 972, 591, 0, 30.70%, 0, 0, 15, 2241.45, 3480408, 1386
1519, 1, 449, 972, 591, 0, 30.70%, 0, 0, 15, 2315.29, 3491851, 1386
1524, 1, 395, 972, 591, 0, 30.70%, 0, 0, 15, 2327.71, 3503992, 1386
1529, 1, 972, 973, 592, 1, 30.73%, 0, 0, 15, 2307.97, 3515713, 1387
1534, 1, 444, 973, 591, 0, 30.73%, 0, 0, 15, 2301.46, 3527552, 1387
1539, 1, 636, 973, 591, 0, 30.73%, 0, 0, 15, 2377.43, 3539149, 1387
1544, 1, 981, 982, 599, 1, 30.84%, 0, 0, 15, 2110.49, 3549638, 1392
1549, 1, 407, 984, 600, 1, 30.84%, 0, 0, 15, 2169.00, 3560701, 1392
1554, 1, 636, 984, 599, 1, 30.84%, 0, 0, 15, 2365.35, 3573000, 1392
1559, 1, 983, 984, 599, 1, 30.84%, 0, 0, 15, 2306.31, 3584897, 1392
1565, 1, 173, 984, 598, 0, 30.84%, 0, 0, 15, 2259.31, 3596871, 1392
1570, 1, 636, 984, 598, 0, 30.84%, 0, 0, 15, 2451.36, 3609229, 1392
1575, 1, 252, 984, 598, 0, 30.84%, 0, 0, 15, 2460.66, 3622298, 1392
1580, 1, 636, 986, 599, 0, 30.84%, 0, 0, 15, 2487.42, 3635260, 1392
1585, 1, 476, 986, 599, 0, 30.84%, 0, 0, 15, 2287.96, 3646696, 1392
1590, 1, 334, 986, 599, 0, 30.84%, 0, 0, 15, 2361.60, 3658407, 1392
1595, 1, 636, 986, 599, 0, 30.84%, 0, 0, 15, 2163.66, 3669142, 1392
1600, 1, 894, 987, 600, 0, 30.84%, 0, 0, 15, 2258.16, 3680914, 1392
1605, 1, 550, 987, 599, 0, 30.84%, 0, 0, 15, 2268.94, 3692155, 1392
1610, 1, 227, 989, 600, 1, 30.84%, 0, 0, 15, 2513.43, 3705470, 1392
1615, 1, 636, 989, 600, 1, 30.84%, 0, 0, 15, 2537.88, 3718254, 1392
1620, 1, 866, 990, 599, 0, 30.84%, 0, 0, 15, 2638.43, 3731496, 1392
1626, 1, 346, 990, 599, 0, 30.84%, 0, 0, 15, 2582.78, 3745033, 1392
1631, 1, 990, 995, 604, 1, 30.86%, 0, 0, 15, 2402.79, 3756941, 1393
1636, 1, 990, 996, 605, 1, 30.86%, 0, 0, 15, 2250.68, 3768572, 1393
1641, 1, 473, 997, 605, 3, 30.86%, 0, 0, 15, 2298.67, 3780041, 1393
1646, 1, 672, 997, 604, 2, 30.86%, 0, 0, 15, 2429.36, 3792365, 1393
1651, 1, 697, 998, 604, 2, 30.86%, 0, 0, 15, 2437.65, 3805074, 1393
1656, 1, 483, 998, 602, 2, 30.86%, 0, 0, 15, 2376.94, 3817114, 1393
1661, 1, 341, 998, 602, 2, 30.86%, 0, 0, 15, 2424.84, 3829428, 1393
1666, 1, 995, 1001, 605, 2, 30.86%, 0, 0, 15, 2460.57, 3842275, 1393
1671, 1, 334, 1001, 603, 2, 30.86%, 0, 0, 15, 2347.88, 3854338, 1393
1676, 1, 1000, 1003, 604, 2, 30.86%, 0, 0, 15, 2444.10, 3866583, 1393
1681, 1, 334, 1005, 603, 2, 30.86%, 0, 0, 15, 2582.33, 3879712, 1393
1686, 1, 334, 1005, 602, 1, 30.86%, 0, 0, 15, 2559.78, 3892464, 1393
1692, 1, 636, 1006, 603, 1, 30.86%, 0, 0, 15, 2509.35, 3905531, 1393
1697, 1, 636, 1006, 603, 1, 30.86%, 0, 0, 15, 2469.18, 3918036, 1393
1702, 1, 383, 1006, 602, 1, 30.86%, 0, 0, 15, 2515.19, 3931092, 1393
1707, 1, 819, 1006, 602, 1, 30.86%, 0, 0, 15, 2533.11, 3943818, 1393
1712, 1, 672, 1006, 602, 1, 30.86%, 0, 0, 15, 2470.80, 3956109, 1393
1717, 1, 819, 1007, 603, 1, 30.86%, 0, 0, 15, 2443.89, 3968429, 1393
1722, 1, 533, 1007, 602, 1, 30.86%, 0, 0, 15, 2567.19, 3981558, 1393
1727, 1, 1002, 1008, 603, 1, 30.86%, 0, 0, 15, 2475.48, 3993865, 1393
1732, 1, 150, 1009, 603, 0, 30.86%, 0, 0, 15, 2501.16, 4006817, 1393
1737, 1, 636, 1010, 604, 1, 30.86%, 0, 0, 15, 2493.11, 4019712, 1393
1742, 1, 822, 1011, 604, 0, 30.86%, 0, 0, 15, 2375.33, 4031779, 1393
1748, 1, 287, 1011, 604, 0, 30.86%, 0, 0, 15, 2413.10, 4044607, 1393
1753, 1, 240, 1011, 604, 0, 30.86%, 0, 0, 15, 2352.45, 4056914, 1393
1758, 1, 533, 1011, 604, 0, 30.86%, 0, 0, 15, 2341.03, 4069128, 1393
1763, 1, 636, 1011, 604, 0, 30.86%, 0, 0, 15, 2407.71, 4081342, 1393
1768, 1, 822, 1011, 604, 0, 30.86%, 0, 0, 15, 2535.29, 4094553, 1393
1773, 1, 465, 1011, 603, 0, 30.86%, 0, 0, 15, 2551.14, 4107601, 1393
1779, 1, 868, 1011, 603, 0, 30.86%, 0, 0, 15, 2501.37, 4120197, 1393
1784, 1, 671, 1012, 604, 0, 30.86%, 0, 0, 15, 2579.66, 4133685, 1393
1789, 1, 636, 1012, 604, 0, 30.86%, 0, 0, 15, 2575.03, 4146648, 1393
1794, 1, 913, 1012, 604, 0, 30.86%, 0, 0, 15, 2480.99, 4159620, 1393
1797, 1, 533, 1014, 606, 0, 30.86%, 0, 0, 15, 2347.46, 4167600, 1393
