# relative_time, cycles_done, cur_path, paths_total, pending_total, pending_favs, map_size, unique_crashes, unique_hangs, max_depth, execs_per_sec, total_execs, edges_found
61, 0, 234, 290, 281, 63, 20.38%, 0, 0, 4, 2285.88, 147398, 920
66, 0, 234, 291, 282, 63, 20.38%, 0, 0, 4, 2314.95, 159343, 920
71, 0, 85, 292, 278, 60, 20.38%, 0, 0, 4, 2493.66, 172404, 920
76, 0, 291, 304, 288, 58, 20.56%, 0, 0, 4, 2374.54, 184610, 928
81, 0, 291, 306, 290, 58, 20.58%, 0, 0, 4, 2448.92, 196873, 929
86, 0, 167, 309, 289, 58, 20.58%, 0, 0, 4, 2535.48, 210225, 929
91, 0, 288, 318, 295, 55, 20.74%, 0, 0, 4, 2543.01, 222972, 936
96, 0, 288, 318, 295, 55, 20.74%, 0, 0, 4, 2426.74, 235228, 936
101, 0, 311, 319, 295, 58, 20.76%, 0, 0, 5, 2342.41, 246714, 937
106, 0, 0, 374, 348, 57, 22.22%, 0, 0, 5, 2300.83, 258507, 1003
111, 0, 0, 382, 356, 57, 22.33%, 0, 0, 5, 2487.62, 271317, 1008
117, 0, 301, 387, 354, 75, 22.33%, 0, 0, 5, 2286.07, 282996, 1008
122, 0, 301, 425, 392, 75, 22.40%, 0, 0, 5, 2520.87, 295994, 1011
127, 0, 301, 434, 401, 75, 22.40%, 0, 0, 5, 2580.64, 309222, 1011
132, 0, 408, 443, 407, 74, 22.42%, 0, 0, 6, 2560.43, 322065, 1012
137, 0, 408, 449, 413, 74, 22.42%, 0, 0, 6, 2416.81, 334607, 1012
142, 0, 408, 453, 417, 74, 22.42%, 0, 0, 6, 2605.61, 347867, 1012
147, 0, 232, 459, 416, 67, 22.49%, 0, 0, 6, 2569.58, 360809, 1015
152, 0, 232, 463, 420, 67, 22.49%, 0, 0, 6, 2351.60, 372773, 1015
157, 0, 232, 465, 422, 67, 22.49%, 0, 0, 6, 2211.28, 383967, 1015
162, 0, 455, 466, 420, 67, 22.49%, 0, 0, 6, 2272.01, 395619, 1015
167, 0, 293, 483, 435, 65, 22.53%, 0, 0, 6, 2212.28, 407079, 1017
172, 0, 293, 486, 438, 65, 22.53%, 0, 0, 6, 2319.28, 418905, 1017
177, 0, 415, 488, 439, 65, 22.53%, 0, 0, 6, 2394.26, 431061, 1017
182, 0, 415, 496, 447, 65, 22.53%, 0, 0, 6, 2528.91, 444488, 1017
187, 0, 415, 497, 448, 65, 22.55%, 0, 0, 6, 2523.62, 457208, 1018
193, 0, 286, 513, 460, 65, 22.60%, 0, 0, 6, 2526.19, 470411, 1020
198, 0, 286, 520, 467, 65, 22.64%, 0, 0, 6, 2306.89, 482036, 1022
203, 0, 286, 528, 475, 65, 22.64%, 0, 0, 6, 2488.40, 494811, 1022
208, 0, 433, 536, 480, 67, 22.68%, 0, 0, 6, 2583.94, 507810, 1024
213, 0, 313, 539, 473, 57, 22.68%, 0, 0, 6, 2471.41, 520070, 1024
218, 0, 313, 547, 481, 57, 22.68%, 0, 0, 6, 2540.83, 532634, 1024
223, 0, 313, 550, 484, 57, 22.68%, 0, 0, 6, 2629.07, 545886, 1024
228, 0, 358, 551, 481, 54, 22.71%, 0, 0, 6, 2468.32, 558293, 1025
233, 0, 384, 554, 477, 50, 22.73%, 0, 0, 6, 2306.35, 569594, 1026
238, 0, 491, 556, 470, 46, 22.73%, 0, 0, 6, 2460.86, 582360, 1026
243, 0, 373, 556, 460, 36, 22.73%, 0, 0, 6, 2425.36, 594641, 1026
248, 0, 320, 556, 448, 24, 22.73%, 0, 0, 6, 2330.87, 607058, 1026
253, 0, 102, 558, 442, 18, 22.73%, 0, 0, 6, 2476.38, 619168, 1026
258, 0, 319, 558, 433, 9, 22.73%, 0, 0, 6, 2563.87, 632655, 1026
263, 0, 319, 560, 433, 7, 22.73%, 0, 0, 6, 2530.62, 645603, 1026
269, 0, 566, 570, 438, 3, 22.75%, 0, 0, 6, 2479.72, 658462, 1027
274, 0, 496, 578, 445, 3, 22.75%, 0, 0, 7, 2499.58, 671036, 1027
279, 0, 496, 578, 445, 3, 22.75%, 0, 0, 7, 2371.81, 683019, 1027
284, 0, 569, 585, 451, 3, 22.75%, 0, 0, 7, 2290.68, 694848, 1027
289, 0, 569, 590, 456, 3, 22.75%, 0, 0, 7, 2094.73, 705026, 1027
294, 0, 569, 591, 457, 3, 22.75%, 0, 0, 7, 2313.22, 716864, 1027
299, 0, 575, 591, 454, 1, 22.75%, 0, 0, 7, 2214.44, 728092, 1027
304, 0, 319, 591, 453, 0, 22.75%, 0, 0, 7, 2486.92, 741230, 1027
309, 0, 41, 593, 455, 1, 22.77%, 0, 0, 7, 2491.41, 753588, 1028
314, 0, 500, 593, 454, 1, 22.77%, 0, 0, 7, 2542.18, 766393, 1028
319, 0, 433, 593, 452, 0, 22.77%, 0, 0, 7, 2271.58, 778131, 1028
325, 0, 455, 594, 451, 0, 22.80%, 0, 0, 7, 2464.29, 791283, 1029
330, 0, 408, 596, 453, 0, 22.80%, 0, 0, 7, 2401.56, 803839, 1029
335, 0, 319, 597, 454, 0, 22.80%, 0, 0, 7, 2444.08, 816305, 1029
340, 0, 319, 598, 454, 0, 22.80%, 0, 0, 7, 2503.94, 828505, 1029
345, 0, 59, 598, 454, 0, 22.80%, 0, 0, 7, 2547.33, 841899, 1029
350, 0, 319, 598, 454, 0, 22.80%, 0, 0, 7, 2444.39, 854129, 1029
355, 0, 433, 599, 455, 0, 22.80%, 0, 0, 7, 2528.42, 867176, 1029
360, 0, 455, 599, 455, 0, 22.80%, 0, 0, 7, 2587.32, 880608, 1029
366, 0, 569, 600, 456, 0, 22.80%, 0, 0, 7, 2501.77, 893157, 1029
371, 0, 408, 600, 456, 0, 22.80%, 0, 0, 7, 2604.43, 906289, 1029
376, 0, 455, 600, 456, 0, 22.80%, 0, 0, 7, 2550.92, 919029, 1029
381, 0, 120, 600, 456, 0, 22.80%, 0, 0, 7, 2533.72, 931984, 1029
386, 0, 292, 603, 459, 1, 22.82%, 0, 0, 7, 2580.50, 944903, 1030
391, 0, 155, 614, 470, 1, 22.82%, 0, 0, 7, 2564.75, 957864, 1030
396, 0, 608, 615, 470, 1, 22.82%, 0, 0, 7, 2461.93, 970854, 1030
401, 0, 555, 616, 469, 0, 22.82%, 0, 0, 7, 2455.62, 982866, 1030
406, 0, 319, 616, 469, 0, 22.82%, 0, 0, 7, 2360.83, 995353, 1030
411, 0, 455, 617, 470, 0, 22.82%, 0, 0, 7, 2183.04, 1005882, 1030
416, 0, 147, 617, 470, 0, 22.82%, 0, 0, 7, 2239.53, 1017621, 1030
422, 0, 319, 617, 470, 0, 22.82%, 0, 0, 7, 2257.32, 1029468, 1030
427, 0, 555, 621, 474, 0, 22.82%, 0, 0, 7, 2507.39, 1042516, 1030
432, 0, 319, 621, 474, 0, 22.82%, 0, 0, 7, 2558.63, 1055758, 1030
437, 0, 319, 621, 474, 0, 22.82%, 0, 0, 7, 2546.84, 1068581, 1030
442, 0, 502, 622, 475, 0, 22.82%, 0, 0, 7, 2226.78, 1079380, 1030
447, 0, 593, 622, 475, 0, 22.82%, 0, 0, 7, 2405.51, 1091982, 1030
452, 0, 319, 622, 475, 0, 22.82%, 0, 0, 7, 2515.46, 1105233, 1030
457, 0, 455, 623, 476, 0, 22.82%, 0, 0, 7, 2450.34, 1117460, 1030
462, 0, 319, 623, 476, 0, 22.82%, 0, 0, 7, 2553.39, 1130310, 1030
467, 0, 319, 623, 476, 0, 22.82%, 0, 0, 7, 2539.12, 1142994, 1030
472, 0, 593, 623, 476, 0, 22.82%, 0, 0, 7, 2473.48, 1155590, 1030
477, 0, 319, 623, 475, 0, 22.82%, 0, 0, 7, 2339.12, 1167137, 1030
483, 0, 455, 623, 475, 0, 22.82%, 0, 0, 7, 2418.66, 1179976, 1030
488, 0, 319, 624, 476, 0, 22.82%, 0, 0, 7, 2419.23, 1192494, 1030
493, 0, 600, 624, 476, 0, 22.82%, 0, 0, 7, 2516.09, 1205700, 1030
498, 0, 455, 624, 476, 0, 22.82%, 0, 0, 7, 2535.00, 1218724, 1030
503, 0, 491, 626, 478, 0, 22.82%, 0, 0, 7, 2489.84, 1230900, 1030
508, 0, 319, 626, 478, 0, 22.82%, 0, 0, 7, 2391.12, 1243030, 1030
514, 0, 319, 627, 479, 0, 22.82%, 0, 0, 7, 2508.07, 1256187, 1030
519, 0, 231, 627, 478, 0, 22.82%, 0, 0, 7, 2282.16, 1267511, 1030
524, 0, 319, 627, 478, 0, 22.82%, 0, 0, 7, 2411.85, 1279730, 1030
529, 0, 319, 630, 479, 2, 22.88%, 0, 0, 7, 2411.84, 1292419, 1033
534, 0, 627, 630, 477, 2, 22.88%, 0, 0, 7, 2481.60, 1305113, 1033
539, 1, 319, 630, 475, 0, 22.88%, 0, 0, 7, 2554.15, 1318437, 1033
544, 1, 455, 630, 475, 0, 22.88%, 0, 0, 7, 2497.45, 1331465, 1033
550, 1, 502, 630, 475, 0, 22.88%, 0, 0, 7, 2492.08, 1344415, 1033
555, 1, 319, 630, 475, 0, 22.88%, 0, 0, 7, 2382.55, 1356110, 1033
560, 1, 319, 630, 475, 0, 22.88%, 0, 0, 7, 2396.81, 1368375, 1033
565, 1, 319, 630, 475, 0, 22.88%, 0, 0, 7, 2465.79, 1381052, 1033
570, 1, 319, 630, 475, 0, 22.88%, 0, 0, 7, 2492.24, 1393417, 1033
575, 1, 546, 631, 476, 0, 22.88%, 0, 0, 7, 2515.29, 1406052, 1033
580, 1, 319, 631, 476, 0, 22.88%, 0, 0, 7, 2532.83, 1419057, 1033
585, 1, 433, 631, 476, 0, 22.88%, 0, 0, 7, 2413.88, 1431367, 1033
590, 1, 455, 631, 476, 0, 22.88%, 0, 0, 7, 2177.58, 1442554, 1033
595, 1, 496, 631, 476, 0, 22.88%, 0, 0, 7, 2391.03, 1454855, 1033
600, 1, 433, 632, 477, 1, 22.91%, 0, 0, 7, 2469.93, 1467711, 1034
605, 1, 319, 632, 476, 1, 22.91%, 0, 0, 7, 2494.33, 1480461, 1034
610, 1, 632, 635, 479, 2, 22.91%, 0, 0, 7, 2426.49, 1492740, 1034
616, 1, 455, 638, 478, 0, 22.91%, 0, 0, 8, 2430.70, 1505702, 1034
621, 1, 638, 640, 479, 0, 22.91%, 0, 0, 9, 2227.36, 1517076, 1034
626, 1, 120, 640, 479, 0, 22.91%, 0, 0, 9, 2413.63, 1529809, 1034
631, 1, 455, 641, 480, 0, 22.91%, 0, 0, 9, 2415.18, 1541589, 1034
636, 1, 433, 641, 479, 0, 22.91%, 0, 0, 9, 2488.16, 1554697, 1034
641, 1, 455, 641, 479, 0, 22.91%, 0, 0, 9, 2522.31, 1567712, 1034
646, 1, 638, 641, 479, 0, 22.91%, 0, 0, 9, 2575.05, 1581156, 1034
651, 1, 455, 643, 480, 1, 22.95%, 0, 0, 9, 2457.53, 1593463, 1036
657, 1, 642, 643, 479, 1, 22.95%, 0, 0, 9, 2552.77, 1606843, 1036
662, 1, 455, 643, 478, 0, 22.95%, 0, 0, 9, 2473.66, 1619763, 1036
667, 1, 455, 644, 479, 0, 22.95%, 0, 0, 9, 2521.91, 1632567, 1036
672, 1, 623, 644, 478, 0, 22.95%, 0, 0, 9, 2425.93, 1644508, 1036
677, 1, 642, 645, 478, 0, 22.95%, 0, 0, 9, 2460.97, 1657353, 1036
682, 1, 102, 645, 478, 0, 22.95%, 0, 0, 9, 2159.89, 1668078, 1036
688, 1, 638, 648, 481, 0, 22.95%, 0, 0, 9, 2104.63, 1679061, 1036
693, 1, 433, 648, 481, 0, 22.95%, 0, 0, 9, 2344.14, 1691209, 1036
698, 1, 638, 648, 481, 0, 22.95%, 0, 0, 9, 2226.41, 1702746, 1036
703, 1, 532, 648, 480, 0, 22.95%, 0, 0, 9, 2448.22, 1715779, 1036
708, 1, 1, 648, 479, 0, 22.95%, 0, 0, 9, 2473.36, 1728627, 1036
713, 1, 638, 648, 479, 0, 22.95%, 0, 0, 9, 2389.35, 1740514, 1036
718, 1, 638, 648, 479, 0, 22.95%, 0, 0, 9, 2310.29, 1752366, 1036
723, 1, 638, 648, 477, 0, 22.95%, 0, 0, 9, 2398.10, 1764948, 1036
729, 1, 455, 648, 476, 0, 22.95%, 0, 0, 9, 2396.53, 1777419, 1036
734, 1, 555, 650, 478, 0, 22.95%, 0, 0, 9, 2378.55, 1789619, 1036
739, 1, 638, 650, 476, 0, 22.95%, 0, 0, 9, 2258.34, 1801416, 1036
744, 1, 455, 650, 476, 0, 22.95%, 0, 0, 9, 2264.32, 1812244, 1036
749, 1, 502, 650, 476, 0, 22.95%, 0, 0, 9, 2320.70, 1824274, 1036
754, 1, 638, 650, 476, 0, 22.95%, 0, 0, 9, 2373.68, 1836723, 1036
759, 1, 618, 652, 478, 1, 22.95%, 0, 0, 9, 2327.90, 1848144, 1036
765, 1, 653, 657, 480, 2, 23.04%, 0, 0, 11, 2486.81, 1861299, 1040
770, 1, 653, 658, 481, 2, 23.04%, 0, 0, 11, 2432.95, 1873576, 1040
775, 1, 653, 659, 482, 2, 23.06%, 0, 0, 11, 2316.64, 1884778, 1041
780, 1, 654, 659, 479, 3, 23.06%, 0, 0, 11, 2456.69, 1897960, 1041
785, 1, 455, 659, 476, 1, 23.06%, 0, 0, 11, 2572.87, 1911279, 1041
790, 1, 489, 662, 476, 1, 23.11%, 0, 0, 11, 2516.91, 1924366, 1043
795, 1, 662, 663, 475, 1, 23.13%, 0, 0, 11, 2396.30, 1936362, 1044
800, 1, 546, 663, 474, 0, 23.13%, 0, 0, 11, 2321.38, 1947954, 1044
805, 1, 433, 663, 474, 0, 23.13%, 0, 0, 11, 2129.92, 1958365, 1044
811, 1, 638, 663, 474, 0, 23.13%, 0, 0, 11, 2281.81, 1970353, 1044
816, 1, 638, 663, 474, 0, 23.13%, 0, 0, 11, 2258.52, 1981881, 1044
821, 1, 555, 664, 474, 0, 23.13%, 0, 0, 11, 2348.23, 1993671, 1044
826, 1, 377, 664, 474, 0, 23.13%, 0, 0, 11, 2348.74, 2005599, 1044
831, 1, 638, 664, 473, 0, 23.13%, 0, 0, 11, 2143.18, 2016010, 1044
836, 1, 638, 664, 473, 0, 23.13%, 0, 0, 11, 2377.67, 2027958, 1044
841, 1, 638, 664, 473, 0, 23.13%, 0, 0, 11, 2502.74, 2040703, 1044
846, 1, 433, 664, 473, 0, 23.13%, 0, 0, 11, 2555.83, 2053930, 1044
851, 1, 638, 664, 473, 0, 23.13%, 0, 0, 11, 2504.44, 2066643, 1044
857, 1, 638, 664, 473, 0, 23.13%, 0, 0, 11, 2315.95, 2078632, 1044
862, 1, 477, 664, 473, 0, 23.13%, 0, 0, 11, 2319.83, 2090500, 1044
867, 1, 455, 664, 473, 0, 23.13%, 0, 0, 11, 2305.88, 2101888, 1044
872, 1, 375, 664, 473, 0, 23.13%, 0, 0, 11, 2127.57, 2113264, 1044
877, 1, 638, 664, 473, 0, 23.13%, 0, 0, 11, 2308.01, 2124684, 1044
882, 1, 455, 664, 473, 0, 23.13%, 0, 0, 11, 2544.80, 2137639, 1044
887, 1, 433, 664, 473, 0, 23.13%, 0, 0, 11, 2404.50, 2150262, 1044
892, 1, 455, 664, 473, 0, 23.13%, 0, 0, 11, 2436.22, 2163080, 1044
898, 1, 159, 664, 472, 0, 23.13%, 0, 0, 11, 2456.83, 2175905, 1044
903, 1, 364, 664, 472, 0, 23.13%, 0, 0, 11, 2353.66, 2187331, 1044
908, 1, 638, 664, 472, 0, 23.13%, 0, 0, 11, 2245.55, 2199232, 1044
913, 1, 653, 665, 473, 0, 23.13%, 0, 0, 11, 2079.12, 2209380, 1044
918, 2, 652, 666, 474, 0, 23.13%, 0, 0, 11, 2307.01, 2220869, 1044
923, 2, 455, 666, 474, 0, 23.13%, 0, 0, 11, 2207.44, 2232548, 1044
928, 2, 638, 666, 474, 0, 23.13%, 0, 0, 11, 2489.89, 2245630, 1044
933, 2, 638, 667, 475, 0, 23.13%, 0, 0, 11, 2525.40, 2258433, 1044
938, 2, 638, 667, 475, 0, 23.13%, 0, 0, 11, 2416.60, 2270406, 1044
943, 2, 638, 670, 477, 0, 23.13%, 0, 0, 11, 2486.02, 2283392, 1044
948, 2, 384, 670, 477, 0, 23.13%, 0, 0, 11, 2410.95, 2295243, 1044
954, 2, 638, 670, 477, 0, 23.13%, 0, 0, 11, 2289.84, 2307147, 1044
959, 2, 455, 670, 477, 0, 23.13%, 0, 0, 11, 2377.91, 2318851, 1044
964, 2, 638, 672, 479, 0, 23.13%, 0, 0, 11, 2378.78, 2331262, 1044
969, 2, 638, 672, 479, 0, 23.13%, 0, 0, 11, 2249.62, 2342309, 1044
974, 2, 455, 672, 479, 0, 23.13%, 0, 0, 11, 2228.13, 2353812, 1044
979, 2, 415, 672, 479, 0, 23.13%, 0, 0, 11, 2214.80, 2365471, 1044
984, 2, 652, 672, 479, 0, 23.13%, 0, 0, 11, 2228.66, 2376738, 1044
989, 2, 455, 672, 479, 0, 23.13%, 0, 0, 11, 2124.08, 2387265, 1044
994, 2, 455, 672, 479, 0, 23.13%, 0, 0, 11, 2186.25, 2398613, 1044
999, 2, 455, 673, 479, 0, 23.13%, 0, 0, 11, 2246.78, 2410341, 1044
1004, 2, 663, 674, 480, 0, 23.13%, 0, 0, 11, 2287.58, 2422181, 1044
1009, 2, 638, 674, 480, 0, 23.13%, 0, 0, 11, 2459.61, 2434638, 1044
1014, 2, 652, 674, 480, 0, 23.13%, 0, 0, 11, 2272.29, 2446016, 1044
1020, 2, 546, 674, 480, 0, 23.13%, 0, 0, 11, 2456.00, 2458856, 1044
1025, 2, 638, 674, 479, 0, 23.13%, 0, 0, 11, 2379.08, 2470356, 1044
1030, 2, 455, 674, 479, 0, 23.13%, 0, 0, 11, 2418.34, 2482901, 1044
1035, 2, 311, 676, 480, 0, 23.13%, 0, 0, 11, 2453.78, 2495372, 1044
1040, 2, 618, 676, 480, 0, 23.13%, 0, 0, 11, 2474.37, 2507617, 1044
1045, 2, 455, 676, 480, 0, 23.13%, 0, 0, 11, 2190.15, 2518546, 1044
1050, 2, 638, 676, 479, 0, 23.13%, 0, 0, 11, 2278.95, 2530355, 1044
1055, 2, 433, 676, 479, 0, 23.13%, 0, 0, 11, 2465.92, 2543171, 1044
1060, 2, 638, 676, 479, 0, 23.13%, 0, 0, 11, 2520.17, 2556231, 1044
1065, 2, 455, 676, 479, 0, 23.13%, 0, 0, 11, 2436.62, 2568738, 1044
1071, 2, 276, 676, 479, 0, 23.13%, 0, 0, 11, 2311.24, 2580821, 1044
1076, 2, 292, 676, 479, 0, 23.13%, 0, 0, 11, 1980.46, 2590263, 1044
1081, 2, 652, 676, 479, 0, 23.13%, 0, 0, 11, 2283.11, 2602208, 1044
1086, 2, 455, 676, 478, 0, 23.13%, 0, 0, 11, 2249.90, 2613534, 1044
1091, 2, 638, 676, 478, 0, 23.13%, 0, 0, 11, 2263.38, 2624693, 1044
1096, 2, 38, 676, 478, 0, 23.13%, 0, 0, 11, 2335.01, 2636397, 1044
1101, 2, 638, 677, 479, 0, 23.13%, 0, 0, 11, 2390.69, 2648333, 1044
1106, 2, 618, 677, 479, 0, 23.13%, 0, 0, 11, 2145.89, 2659211, 1044
1111, 2, 292, 677, 479, 0, 23.13%, 0, 0, 11, 2263.81, 2670681, 1044
1116, 2, 652, 677, 479, 0, 23.13%, 0, 0, 11, 2209.83, 2681825, 1044
1121, 2, 455, 677, 479, 0, 23.13%, 0, 0, 11, 2253.33, 2693616, 1044
1126, 2, 384, 677, 479, 0, 23.13%, 0, 0, 11, 2418.18, 2706579, 1044
1131, 2, 677, 678, 480, 1, 23.13%, 0, 0, 11, 2494.41, 2718640, 1044
1136, 2, 292, 678, 479, 0, 23.13%, 0, 0, 11, 2493.79, 2731256, 1044
1141, 2, 433, 678, 479, 0, 23.13%, 0, 0, 11, 2497.37, 2744229, 1044
1146, 2, 638, 678, 479, 0, 23.13%, 0, 0, 11, 2423.06, 2756058, 1044
1152, 2, 638, 678, 479, 0, 23.13%, 0, 0, 11, 2466.55, 2768778, 1044
1157, 2, 455, 678, 479, 0, 23.13%, 0, 0, 11, 2476.29, 2781820, 1044
1162, 2, 653, 678, 479, 0, 23.13%, 0, 0, 11, 2390.74, 2793544, 1044
1167, 2, 103, 678, 479, 0, 23.13%, 0, 0, 11, 2300.73, 2805036, 1044
1172, 2, 484, 678, 479, 0, 23.13%, 0, 0, 11, 2341.21, 2816685, 1044
1177, 2, 455, 679, 479, 0, 23.13%, 0, 0, 11, 2278.22, 2828061, 1044
1182, 2, 391, 679, 479, 0, 23.13%, 0, 0, 11, 2356.21, 2840301, 1044
1187, 2, 638, 679, 478, 0, 23.13%, 0, 0, 11, 2254.41, 2851816, 1044
1193, 2, 56, 679, 478, 0, 23.13%, 0, 0, 11, 2341.51, 2863355, 1044
1198, 2, 638, 679, 478, 0, 23.13%, 0, 0, 11, 2264.82, 2873951, 1044
1203, 2, 638, 680, 479, 0, 23.13%, 0, 0, 11, 2417.79, 2886543, 1044
1208, 2, 455, 680, 479, 0, 23.13%, 0, 0, 11, 2156.60, 2897143, 1044
1213, 2, 455, 680, 479, 0, 23.13%, 0, 0, 11, 2349.21, 2909352, 1044
1218, 2, 638, 680, 479, 0, 23.13%, 0, 0, 11, 2175.90, 2920004, 1044
1223, 2, 638, 680, 479, 0, 23.13%, 0, 0, 11, 2338.82, 2931924, 1044
1228, 2, 455, 680, 479, 0, 23.13%, 0, 0, 11, 2457.32, 2944306, 1044
1233, 2, 652, 681, 479, 0, 23.13%, 0, 0, 11, 2622.66, 2957558, 1044
1238, 2, 455, 681, 479, 0, 23.13%, 0, 0, 11, 2514.73, 2970484, 1044
1243, 2, 677, 681, 478, 0, 23.13%, 0, 0, 11, 2287.20, 2982449, 1044
1249, 2, 677, 682, 478, 0, 23.13%, 0, 0, 11, 2581.24, 2996011, 1044
1254, 2, 455, 682, 478, 1, 23.13%, 0, 0, 11, 2550.05, 3009221, 1044
1259, 2, 638, 682, 477, 1, 23.13%, 0, 0, 11, 2475.45, 3021263, 1044
1264, 2, 638, 682, 476, 0, 23.13%, 0, 0, 11, 2694.20, 3035619, 1044
1269, 2, 638, 683, 477, 0, 23.13%, 0, 0, 11, 2711.29, 3049125, 1044
1274, 2, 638, 683, 476, 0, 23.13%, 0, 0, 11, 2633.38, 3062688, 1044
1280, 2, 455, 683, 476, 0, 23.13%, 0, 0, 11, 2625.65, 3076309, 1044
1285, 2, 677, 685, 478, 0, 23.13%, 0, 0, 11, 2621.73, 3089839, 1044
1290, 2, 638, 686, 479, 0, 23.13%, 0, 0, 11, 2513.73, 3102469, 1044
1295, 2, 638, 686, 479, 0, 23.13%, 0, 0, 11, 2399.17, 3114302, 1044
1300, 2, 183, 686, 478, 0, 23.13%, 0, 0, 11, 2405.88, 3126792, 1044
1305, 3, 638, 686, 478, 0, 23.13%, 0, 0, 11, 2421.73, 3139087, 1044
1310, 3, 638, 686, 478, 0, 23.13%, 0, 0, 11, 2363.29, 3151645, 1044
1316, 3, 677, 686, 478, 0, 23.13%, 0, 0, 11, 2209.60, 3163007, 1044
1321, 3, 481, 686, 478, 0, 23.13%, 0, 0, 11, 2122.14, 3173559, 1044
1326, 3, 655, 686, 477, 0, 23.13%, 0, 0, 11, 2339.20, 3186235, 1044
1331, 3, 638, 686, 477, 0, 23.13%, 0, 0, 11, 2338.42, 3198189, 1044
1336, 3, 638, 686, 477, 0, 23.13%, 0, 0, 11, 2256.08, 3209393, 1044
1341, 3, 638, 686, 477, 0, 23.13%, 0, 0, 11, 2233.67, 3220891, 1044
1346, 3, 415, 686, 477, 0, 23.13%, 0, 0, 11, 1994.88, 3231112, 1044
1351, 3, 455, 686, 476, 0, 23.13%, 0, 0, 11, 2149.92, 3241728, 1044
1357, 3, 455, 686, 476, 0, 23.13%, 0, 0, 11, 2258.22, 3253786, 1044
1362, 3, 59, 686, 476, 0, 23.13%, 0, 0, 11, 2344.68, 3266323, 1044
1367, 3, 654, 686, 476, 0, 23.13%, 0, 0, 11, 2367.87, 3278616, 1044
1372, 3, 653, 686, 476, 0, 23.13%, 0, 0, 11, 2125.37, 3289038, 1044
1377, 3, 120, 686, 476, 0, 23.13%, 0, 0, 11, 1970.31, 3299238, 1044
1382, 3, 455, 686, 476, 0, 23.13%, 0, 0, 11, 2149.57, 3310365, 1044
1387, 3, 638, 686, 475, 0, 23.13%, 0, 0, 11, 2512.01, 3323173, 1044
1392, 3, 213, 686, 475, 0, 23.13%, 0, 0, 11, 2703.29, 3337199, 1044
1397, 3, 686, 687, 474, 0, 23.13%, 0, 0, 11, 2723.84, 3350820, 1044
1402, 3, 618, 687, 474, 0, 23.13%, 0, 0, 11, 2579.90, 3363595, 1044
1408, 3, 502, 687, 474, 0, 23.13%, 0, 0, 11, 2479.66, 3376323, 1044
1413, 3, 455, 687, 474, 0, 23.13%, 0, 0, 11, 2515.90, 3388984, 1044
1418, 3, 686, 687, 474, 0, 23.13%, 0, 0, 11, 2461.92, 3401083, 1044
1423, 3, 455, 688, 475, 0, 23.13%, 0, 0, 11, 2693.78, 3414916, 1044
1428, 3, 433, 689, 476, 0, 23.13%, 0, 0, 11, 2727.47, 3429030, 1044
1433, 3, 677, 689, 475, 0, 23.13%, 0, 0, 11, 2574.88, 3441649, 1044
1438, 3, 656, 689, 475, 0, 23.13%, 0, 0, 11, 2363.44, 3453576, 1044
1443, 3, 638, 689, 475, 0, 23.13%, 0, 0, 11, 2369.73, 3465327, 1044
1448, 3, 433, 689, 475, 0, 23.13%, 0, 0, 11, 2430.57, 3477470, 1044
1453, 3, 686, 689, 475, 0, 23.13%, 0, 0, 11, 2404.83, 3490116, 1044
1458, 3, 499, 689, 475, 0, 23.13%, 0, 0, 11, 2341.77, 3501703, 1044
1464, 3, 677, 690, 476, 0, 23.13%, 0, 0, 11, 2359.52, 3514064, 1044
1469, 3, 686, 690, 475, 0, 23.13%, 0, 0, 11, 2367.15, 3525793, 1044
1474, 3, 433, 690, 475, 0, 23.13%, 0, 0, 11, 2538.74, 3539065, 1044
1479, 3, 686, 690, 475, 0, 23.13%, 0, 0, 11, 2404.07, 3550728, 1044
1484, 3, 221, 690, 475, 0, 23.13%, 0, 0, 11, 2374.80, 3563197, 1044
1489, 3, 618, 690, 475, 0, 23.13%, 0, 0, 11, 2243.23, 3574452, 1044
1494, 3, 433, 690, 475, 0, 23.13%, 0, 0, 11, 2537.91, 3587203, 1044
1499, 3, 686, 690, 475, 0, 23.13%, 0, 0, 11, 2349.27, 3598898, 1044
1504, 3, 686, 690, 474, 0, 23.13%, 0, 0, 11, 2534.99, 3611715, 1044
1509, 3, 379, 690, 474, 0, 23.13%, 0, 0, 11, 2564.98, 3624704, 1044
1514, 3, 642, 690, 474, 0, 23.13%, 0, 0, 11, 2630.02, 3638359, 1044
1519, 3, 686, 690, 474, 0, 23.13%, 0, 0, 11, 2603.92, 3651712, 1044
1525, 3, 677, 690, 473, 0, 23.13%, 0, 0, 11, 2299.65, 3663183, 1044
1530, 3, 641, 690, 473, 0, 23.13%, 0, 0, 11, 2094.46, 3673464, 1044
1535, 3, 455, 690, 473, 0, 23.13%, 0, 0, 11, 2238.89, 3685719, 1044
1540, 3, 686, 690, 473, 0, 23.13%, 0, 0, 11, 2449.73, 3698063, 1044
1545, 3, 147, 690, 472, 0, 23.13%, 0, 0, 11, 2473.11, 3711202, 1044
1550, 3, 686, 692, 474, 1, 23.15%, 0, 0, 11, 2403.50, 3723080, 1045
1555, 3, 686, 692, 473, 0, 23.15%, 0, 0, 11, 2535.75, 3735898, 1045
1560, 3, 686, 693, 474, 1, 23.15%, 0, 0, 11, 2342.93, 3747510, 1045
1565, 3, 593, 694, 474, 0, 23.15%, 0, 0, 11, 2539.06, 3760977, 1045
1570, 3, 686, 694, 474, 0, 23.15%, 0, 0, 11, 2224.61, 3772047, 1045
1576, 3, 652, 694, 474, 0, 23.15%, 0, 0, 11, 2199.49, 3783580, 1045
1581, 3, 593, 694, 474, 0, 23.15%, 0, 0, 11, 2202.60, 3794927, 1045
1586, 3, 273, 696, 475, 1, 23.15%, 0, 0, 11, 2517.00, 3808130, 1045
1591, 3, 455, 696, 474, 1, 23.15%, 0, 0, 11, 2240.71, 3819144, 1045
1596, 3, 455, 696, 474, 1, 23.15%, 0, 0, 11, 2282.28, 3830759, 1045
1601, 3, 408, 696, 474, 1, 23.15%, 0, 0, 11, 2221.81, 3842137, 1045
1606, 3, 686, 696, 474, 1, 23.15%, 0, 0, 11, 2290.68, 3853984, 1045
1611, 3, 455, 697, 474, 0, 23.15%, 0, 0, 11, 2341.79, 3866217, 1045
1617, 3, 686, 697, 474, 0, 23.15%, 0, 0, 11, 2529.42, 3879391, 1045
1622, 3, 433, 697, 474, 0, 23.15%, 0, 0, 11, 2435.00, 3891225, 1045
1627, 3, 656, 698, 475, 1, 23.15%, 0, 0, 11, 2381.08, 3903838, 1045
1632, 3, 686, 698, 474, 0, 23.15%, 0, 0, 11, 2487.00, 3916054, 1045
1637, 3, 686, 698, 473, 0, 23.15%, 0, 0, 11, 2387.67, 3927972, 1045
1642, 3, 652, 698, 473, 0, 23.15%, 0, 0, 11, 2413.84, 3940577, 1045
1647, 3, 59, 698, 473, 0, 23.15%, 0, 0, 11, 2304.65, 3952175, 1045
1652, 3, 433, 699, 474, 0, 23.15%, 0, 0, 11, 2401.20, 3964259, 1045
1657, 3, 686, 699, 474, 0, 23.15%, 0, 0, 11, 2482.32, 3977277, 1045
1662, 3, 663, 700, 475, 0, 23.15%, 0, 0, 11, 2428.96, 3989712, 1045
1668, 3, 415, 700, 475, 0, 23.15%, 0, 0, 11, 2622.06, 4003665, 1045
1673, 3, 686, 700, 474, 0, 23.15%, 1, 0, 11, 2628.15, 4016786, 1045
1678, 3, 686, 700, 474, 0, 23.15%, 1, 0, 11, 2300.12, 4028339, 1045
1683, 3, 686, 700, 474, 0, 23.15%, 1, 0, 11, 2269.23, 4039325, 1045
1688, 3, 686, 701, 475, 0, 23.15%, 1, 0, 11, 2424.58, 4051933, 1045
1693, 3, 686, 701, 475, 0, 23.15%, 1, 0, 11, 2586.05, 4065399, 1045
1698, 3, 644, 703, 477, 0, 23.15%, 1, 0, 11, 2611.67, 4078489, 1045
1703, 3, 652, 703, 476, 0, 23.15%, 1, 0, 11, 2598.65, 4091871, 1045
1708, 3, 677, 704, 476, 0, 23.15%, 1, 0, 11, 2410.63, 4104698, 1045
1714, 3, 532, 704, 476, 0, 23.15%, 1, 0, 11, 2142.73, 4114768, 1045
1719, 3, 477, 704, 476, 0, 23.15%, 1, 0, 11, 2110.09, 4125689, 1045
1724, 3, 691, 704, 476, 0, 23.15%, 1, 0, 11, 2351.58, 4137981, 1045
1729, 3, 686, 704, 476, 0, 23.15%, 1, 0, 11, 2391.38, 4150283, 1045
1734, 4, 686, 704, 476, 0, 23.15%, 1, 0, 11, 2553.34, 4163143, 1045
1739, 4, 686, 704, 476, 0, 23.15%, 1, 0, 11, 2385.47, 4174866, 1045
1744, 4, 502, 704, 476, 0, 23.15%, 1, 0, 11, 2389.13, 4186496, 1045
1749, 4, 652, 704, 476, 0, 23.15%, 1, 0, 11, 2337.49, 4198820, 1045
1754, 4, 532, 704, 476, 0, 23.15%, 1, 0, 11, 2366.33, 4210837, 1045
1759, 4, 686, 704, 476, 0, 23.15%, 1, 0, 11, 2375.42, 4222428, 1045
1764, 4, 686, 704, 476, 0, 23.15%, 1, 0, 11, 2316.68, 4234326, 1045
1769, 4, 455, 704, 476, 0, 23.15%, 1, 0, 11, 2362.03, 4245808, 1045
1774, 4, 686, 704, 476, 0, 23.15%, 1, 0, 11, 2369.99, 4257336, 1045
1780, 4, 433, 704, 476, 0, 23.15%, 1, 0, 11, 2369.76, 4269356, 1045
1785, 4, 686, 704, 476, 0, 23.15%, 1, 0, 11, 2491.59, 4282430, 1045
1790, 4, 686, 704, 476, 0, 23.15%, 1, 0, 11, 2282.87, 4293760, 1045
1795, 4, 583, 704, 476, 0, 23.15%, 1, 0, 11, 2581.46, 4307506, 1045
1797, 4, 292, 704, 476, 0, 23.15%, 2, 0, 11, 2412.35, 4313285, 1045
