# relative_time, cycles_done, cur_path, paths_total, pending_total, pending_favs, map_size, unique_crashes, unique_hangs, max_depth, execs_per_sec, total_execs, edges_found
60, 0, 160, 337, 324, 97, 22.31%, 0, 0, 3, 2392.31, 148116, 1007
65, 0, 160, 337, 324, 97, 22.31%, 0, 0, 3, 2294.35, 159605, 1007
70, 0, 58, 342, 328, 104, 22.33%, 0, 0, 3, 2414.19, 171959, 1008
75, 0, 0, 398, 382, 104, 23.84%, 0, 0, 4, 2373.90, 184251, 1076
80, 0, 0, 402, 386, 104, 23.97%, 0, 0, 4, 2333.01, 196136, 1082
86, 0, 395, 408, 388, 124, 24.10%, 0, 0, 4, 2299.18, 207823, 1088
91, 0, 416, 423, 398, 123, 24.26%, 0, 0, 5, 2364.97, 219540, 1095
96, 0, 164, 464, 432, 133, 25.19%, 0, 0, 5, 2226.91, 231098, 1137
101, 0, 414, 465, 428, 128, 25.19%, 0, 0, 5, 2129.13, 241725, 1137
106, 0, 389, 474, 431, 123, 25.21%, 0, 0, 5, 1922.19, 251455, 1138
111, 0, 60, 481, 431, 120, 25.28%, 0, 0, 5, 2249.32, 263688, 1141
116, 0, 93, 495, 440, 119, 25.76%, 0, 0, 6, 2364.37, 275996, 1163
122, 0, 485, 497, 436, 115, 25.76%, 0, 0, 6, 2448.53, 288735, 1163
127, 0, 478, 516, 450, 110, 26.32%, 0, 0, 6, 2319.90, 300076, 1188
132, 0, 478, 519, 453, 110, 26.36%, 0, 0, 6, 2294.44, 311961, 1190
137, 0, 478, 521, 455, 110, 26.67%, 0, 0, 6, 1995.04, 322142, 1204
142, 0, 378, 522, 452, 112, 26.67%, 0, 0, 6, 2153.18, 333444, 1204
147, 0, 482, 540, 465, 108, 27.12%, 0, 0, 7, 2292.19, 344729, 1224
152, 0, 405, 546, 466, 117, 27.12%, 0, 0, 7, 2352.21, 356587, 1224
157, 0, 401, 567, 483, 117, 27.18%, 0, 0, 8, 2289.14, 368371, 1227
162, 0, 401, 572, 488, 117, 27.18%, 0, 0, 8, 2445.93, 380771, 1227
167, 0, 400, 574, 489, 117, 27.18%, 0, 0, 8, 2169.54, 392119, 1227
172, 0, 474, 585, 496, 114, 27.23%, 0, 0, 8, 2262.49, 403341, 1229
177, 0, 474, 588, 499, 114, 27.23%, 0, 0, 8, 2199.67, 414497, 1229
182, 0, 474, 594, 505, 114, 27.23%, 0, 0, 8, 2287.38, 426421, 1229
187, 0, 502, 595, 503, 113, 27.40%, 0, 0, 8, 2437.93, 439083, 1237
193, 0, 348, 601, 503, 108, 27.47%, 0, 0, 8, 2464.96, 451497, 1240
198, 0, 402, 628, 529, 107, 27.56%, 0, 0, 8, 2270.98, 462902, 1244
203, 0, 402, 631, 532, 107, 27.58%, 0, 0, 8, 2406.89, 475129, 1245
208, 0, 393, 634, 534, 110, 27.58%, 0, 0, 8, 2394.97, 487376, 1245
213, 0, 417, 643, 536, 105, 27.65%, 0, 0, 9, 2325.32, 499125, 1248
218, 0, 594, 662, 548, 101, 27.69%, 0, 0, 9, 2311.02, 510513, 1250
223, 0, 594, 672, 558, 101, 27.71%, 0, 0, 9, 2240.95, 521978, 1251
228, 0, 594, 674, 560, 101, 27.71%, 0, 0, 9, 2281.84, 533559, 1251
233, 0, 664, 677, 557, 99, 27.71%, 0, 0, 9, 2436.16, 546310, 1251
238, 0, 535, 690, 563, 97, 27.82%, 0, 0, 9, 2397.73, 558095, 1256
243, 0, 459, 695, 562, 94, 27.85%, 0, 0, 9, 2428.91, 570542, 1257
249, 0, 519, 700, 562, 92, 27.94%, 0, 0, 9, 2515.99, 583776, 1261
254, 0, 698, 708, 562, 86, 28.07%, 0, 0, 9, 2496.19, 596369, 1267
259, 0, 309, 713, 558, 79, 28.11%, 0, 0, 9, 2219.78, 608137, 1269
264, 0, 533, 717, 553, 70, 28.11%, 0, 0, 9, 2366.81, 620242, 1269
269, 0, 329, 723, 551, 65, 28.18%, 0, 0, 9, 2364.97, 632503, 1272
274, 0, 536, 726, 548, 60, 28.18%, 0, 0, 9, 2397.74, 645036, 1272
280, 0, 731, 739, 553, 56, 28.27%, 0, 0, 9, 2380.75, 657288, 1276
285, 0, 740, 746, 555, 54, 28.31%, 0, 0, 9, 2380.94, 669151, 1278
290, 0, 728, 754, 555, 46, 28.31%, 0, 0, 9, 2348.38, 680864, 1278
295, 0, 728, 760, 561, 46, 28.31%, 0, 0, 9, 2373.53, 692757, 1278
300, 0, 728, 762, 563, 46, 28.38%, 0, 0, 9, 2327.53, 704069, 1281
305, 0, 720, 765, 564, 46, 28.40%, 0, 0, 9, 2506.47, 717501, 1282
310, 0, 241, 770, 561, 42, 28.47%, 0, 0, 9, 2517.55, 730487, 1285
315, 0, 243, 772, 555, 36, 28.49%, 0, 0, 9, 2447.09, 742909, 1286
320, 0, 761, 778, 556, 34, 28.56%, 0, 0, 10, 2402.33, 754714, 1289
325, 0, 781, 783, 555, 31, 28.62%, 0, 0, 10, 2448.88, 767235, 1292
330, 0, 306, 788, 555, 27, 28.64%, 0, 0, 10, 2391.48, 779327, 1293
336, 0, 771, 793, 555, 23, 28.64%, 0, 0, 10, 2408.21, 791866, 1293
341, 0, 797, 807, 563, 20, 28.64%, 0, 0, 10, 2342.04, 804331, 1293
346, 0, 769, 809, 560, 16, 28.67%, 0, 0, 10, 2359.48, 816485, 1294
351, 0, 287, 816, 560, 13, 28.73%, 0, 0, 12, 2393.39, 828900, 1297
356, 0, 287, 817, 558, 11, 28.78%, 0, 0, 12, 2385.91, 841175, 1299
361, 0, 667, 826, 563, 12, 28.93%, 0, 0, 12, 2499.66, 854068, 1306
366, 0, 228, 826, 560, 9, 28.93%, 0, 0, 12, 2527.66, 866536, 1306
372, 0, 815, 832, 564, 9, 28.95%, 0, 0, 12, 2521.21, 879580, 1307
377, 0, 828, 849, 580, 9, 28.95%, 0, 0, 12, 2541.63, 892455, 1307
382, 0, 828, 855, 586, 9, 28.95%, 0, 0, 12, 2471.85, 904653, 1307
387, 0, 664, 861, 589, 10, 28.98%, 0, 0, 12, 2412.86, 916416, 1308
392, 0, 853, 862, 588, 8, 28.98%, 0, 0, 12, 2402.57, 928511, 1308
397, 0, 860, 864, 590, 8, 28.98%, 0, 0, 12, 2430.72, 940937, 1308
402, 0, 824, 864, 586, 4, 28.98%, 0, 0, 12, 2498.58, 953848, 1308
407, 0, 853, 864, 584, 2, 28.98%, 0, 0, 12, 2501.10, 966867, 1308
412, 0, 707, 869, 589, 2, 28.98%, 0, 0, 12, 2496.70, 979632, 1308
417, 0, 707, 870, 590, 2, 29.00%, 0, 0, 12, 2297.56, 991356, 1309
422, 0, 707, 871, 591, 2, 29.00%, 0, 0, 12, 2385.95, 1003642, 1309
427, 0, 837, 881, 597, 4, 29.02%, 0, 0, 12, 2428.25, 1015847, 1310
433, 0, 880, 881, 595, 2, 29.02%, 0, 0, 12, 2441.17, 1028416, 1310
438, 0, 853, 881, 594, 1, 29.02%, 0, 0, 12, 2461.77, 1041046, 1310
443, 0, 853, 882, 595, 1, 29.02%, 0, 0, 12, 2466.31, 1053106, 1310
448, 0, 306, 882, 591, 1, 29.02%, 0, 0, 12, 2529.11, 1065782, 1310
453, 0, 712, 888, 597, 1, 29.04%, 0, 0, 12, 2328.25, 1077598, 1311
458, 0, 712, 890, 599, 1, 29.04%, 0, 0, 12, 2274.31, 1089541, 1311
463, 0, 741, 890, 599, 2, 29.04%, 0, 0, 12, 2281.41, 1101264, 1311
468, 0, 712, 890, 596, 1, 29.04%, 0, 0, 12, 2398.55, 1113340, 1311
473, 0, 887, 895, 601, 1, 29.07%, 0, 0, 12, 2471.42, 1125704, 1312
478, 0, 887, 896, 602, 1, 29.15%, 0, 0, 12, 2482.12, 1138256, 1316
483, 0, 895, 904, 608, 1, 29.15%, 0, 0, 12, 2499.52, 1150846, 1316
488, 0, 895, 912, 616, 1, 29.15%, 0, 0, 12, 2434.55, 1162940, 1316
493, 0, 880, 912, 615, 1, 29.15%, 0, 0, 12, 2480.91, 1175364, 1316
498, 0, 903, 913, 614, 1, 29.15%, 0, 0, 12, 2221.86, 1186430, 1316
503, 0, 853, 914, 614, 0, 29.15%, 0, 0, 12, 2270.24, 1197648, 1316
508, 0, 287, 914, 614, 0, 29.15%, 0, 0, 12, 2226.73, 1208686, 1316
513, 0, 57, 914, 614, 0, 29.15%, 0, 0, 12, 2205.54, 1220509, 1316
518, 0, 853, 916, 616, 0, 29.15%, 0, 0, 12, 2286.10, 1231972, 1316
524, 0, 416, 918, 618, 1, 29.18%, 0, 0, 12, 2391.08, 1243903, 1317
529, 0, 664, 919, 617, 0, 29.18%, 0, 0, 12, 2554.70, 1257293, 1317
534, 0, 287, 920, 618, 0, 29.18%, 0, 0, 12, 2444.84, 1269550, 1317
539, 0, 514, 922, 620, 1, 29.18%, 0, 0, 12, 2694.83, 1283410, 1317
544, 0, 853, 922, 619, 1, 29.18%, 0, 0, 12, 2568.28, 1296573, 1317
549, 0, 853, 922, 619, 1, 29.18%, 0, 0, 12, 2392.21, 1308072, 1317
554, 0, 853, 923, 620, 1, 29.18%, 0, 0, 12, 2382.74, 1320041, 1317
559, 0, 853, 923, 620, 1, 29.18%, 0, 0, 12, 2299.72, 1331762, 1317
564, 0, 853, 923, 620, 1, 29.18%, 0, 0, 12, 2234.60, 1342468, 1317
570, 0, 287, 927, 622, 0, 29.18%, 0, 0, 12, 2369.78, 1354815, 1317
575, 0, 853, 927, 622, 0, 29.18%, 0, 0, 12, 2340.14, 1367197, 1317
580, 0, 408, 928, 622, 1, 29.18%, 0, 0, 12, 2455.09, 1379696, 1317
585, 0, 853, 929, 622, 0, 29.18%, 0, 0, 12, 2399.91, 1392218, 1317
590, 0, 921, 930, 623, 0, 29.18%, 0, 0, 12, 2343.29, 1404032, 1317
595, 0, 853, 930, 623, 0, 29.18%, 0, 0, 12, 2426.94, 1416022, 1317
601, 0, 853, 931, 624, 0, 29.18%, 0, 0, 12, 2490.91, 1428836, 1317
606, 0, 853, 931, 624, 0, 29.18%, 0, 0, 12, 2424.11, 1441025, 1317
611, 0, 853, 931, 624, 0, 29.18%, 0, 0, 12, 2209.34, 1451980, 1317
616, 0, 853, 932, 624, 0, 29.20%, 0, 0, 12, 2517.07, 1465293, 1318
621, 0, 853, 933, 625, 0, 29.20%, 0, 0, 12, 2259.94, 1476958, 1318
626, 0, 740, 933, 625, 0, 29.20%, 0, 0, 12, 2440.98, 1489079, 1318
631, 0, 853, 933, 625, 0, 29.20%, 0, 0, 12, 2524.60, 1501951, 1318
636, 0, 927, 934, 626, 0, 29.20%, 0, 0, 12, 2483.64, 1514744, 1318
641, 0, 927, 936, 628, 0, 29.20%, 0, 0, 12, 2515.28, 1527899, 1318
646, 0, 510, 936, 628, 0, 29.20%, 0, 0, 12, 2395.00, 1539777, 1318
652, 0, 640, 936, 628, 0, 29.20%, 0, 0, 12, 2265.71, 1552034, 1318
657, 0, 664, 936, 628, 0, 29.20%, 0, 0, 12, 2438.76, 1564222, 1318
662, 0, 728, 936, 628, 0, 29.20%, 0, 0, 12, 2567.64, 1577372, 1318
667, 0, 306, 936, 628, 0, 29.20%, 0, 0, 12, 2551.72, 1590140, 1318
672, 0, 477, 937, 629, 0, 29.20%, 0, 0, 12, 2516.26, 1602590, 1318
677, 0, 853, 938, 629, 1, 29.20%, 0, 0, 12, 2579.58, 1615582, 1318
682, 0, 263, 940, 630, 2, 29.22%, 0, 0, 12, 2278.56, 1626933, 1319
687, 0, 921, 941, 630, 2, 29.24%, 0, 0, 12, 2410.33, 1639121, 1320
692, 0, 287, 942, 630, 2, 29.24%, 0, 0, 12, 2288.58, 1650469, 1320
697, 0, 688, 944, 629, 2, 29.26%, 0, 0, 12, 2282.36, 1661856, 1321
702, 0, 854, 944, 629, 2, 29.26%, 0, 0, 12, 2387.11, 1674145, 1321
707, 0, 853, 945, 628, 1, 29.26%, 0, 0, 12, 2472.76, 1686669, 1321
712, 0, 853, 946, 628, 0, 29.26%, 0, 0, 12, 2302.62, 1698338, 1321
717, 0, 763, 946, 628, 0, 29.26%, 0, 0, 12, 2507.98, 1711634, 1321
722, 0, 664, 948, 630, 0, 29.26%, 0, 0, 12, 2411.52, 1724276, 1321
727, 0, 398, 949, 631, 0, 29.26%, 0, 0, 12, 2297.80, 1735771, 1321
732, 0, 853, 949, 631, 0, 29.26%, 0, 0, 12, 2487.42, 1748918, 1321
737, 0, 664, 950, 632, 0, 29.26%, 0, 0, 12, 2570.79, 1761966, 1321
742, 0, 763, 950, 632, 0, 29.26%, 0, 0, 12, 2477.72, 1774342, 1321
747, 0, 816, 951, 633, 0, 29.26%, 0, 0, 12, 2620.00, 1787487, 1321
752, 0, 853, 951, 633, 0, 29.26%, 0, 0, 12, 2657.66, 1800915, 1321
757, 0, 306, 953, 634, 1, 29.29%, 0, 0, 12, 2499.03, 1813342, 1322
763, 0, 853, 953, 634, 1, 29.29%, 0, 0, 12, 2598.37, 1826543, 1322
768, 0, 779, 955, 635, 0, 29.29%, 0, 0, 12, 2625.10, 1839777, 1322
773, 0, 664, 955, 635, 0, 29.29%, 0, 0, 12, 2485.98, 1852859, 1322
778, 0, 853, 955, 635, 0, 29.29%, 0, 0, 12, 2515.66, 1865569, 1322
783, 0, 853, 955, 635, 0, 29.29%, 0, 0, 12, 2444.99, 1877714, 1322
788, 0, 664, 956, 634, 1, 29.29%, 0, 0, 12, 2402.47, 1890056, 1322
793, 0, 955, 956, 634, 1, 29.29%, 0, 0, 12, 2147.97, 1900694, 1322
798, 0, 398, 956, 633, 0, 29.29%, 0, 0, 12, 2110.25, 1911681, 1322
803, 0, 783, 956, 633, 0, 29.29%, 0, 0, 12, 1961.10, 1921616, 1322
808, 0, 927, 956, 633, 0, 29.29%, 0, 0, 12, 2198.61, 1932820, 1322
814, 0, 456, 956, 633, 0, 29.29%, 0, 0, 12, 2270.14, 1944684, 1322
819, 0, 285, 956, 633, 0, 29.29%, 0, 0, 12, 2468.33, 1957436, 1322
824, 0, 287, 956, 633, 0, 29.29%, 0, 0, 12, 2494.07, 1969885, 1322
829, 0, 890, 957, 634, 0, 29.29%, 0, 0, 12, 2539.55, 1982754, 1322
834, 0, 287, 958, 635, 0, 29.29%, 0, 0, 12, 2273.83, 1994515, 1322
839, 0, 287, 958, 635, 0, 29.29%, 0, 0, 12, 2594.05, 2008430, 1322
844, 0, 744, 958, 635, 0, 29.29%, 0, 0, 12, 2379.45, 2020891, 1322
849, 0, 237, 958, 635, 0, 29.29%, 0, 0, 12, 2574.06, 2034354, 1322
854, 0, 391, 958, 635, 0, 29.29%, 0, 0, 12, 2531.15, 2046950, 1322
859, 0, 306, 959, 636, 0, 29.29%, 0, 0, 12, 2529.38, 2059656, 1322
864, 0, 853, 959, 636, 0, 29.29%, 0, 0, 12, 2412.39, 2071577, 1322
870, 0, 877, 959, 636, 0, 29.29%, 0, 0, 12, 2399.31, 2083500, 1322
875, 0, 514, 959, 636, 0, 29.29%, 0, 0, 12, 2360.43, 2095706, 1322
880, 0, 921, 959, 636, 0, 29.29%, 0, 0, 12, 2363.14, 2107180, 1322
885, 0, 952, 962, 639, 0, 29.33%, 0, 0, 12, 2460.97, 2119651, 1324
890, 0, 853, 965, 641, 0, 29.33%, 0, 0, 12, 2407.49, 2131664, 1324
895, 0, 853, 965, 641, 0, 29.33%, 0, 0, 12, 2262.28, 2142997, 1324
900, 0, 853, 965, 641, 0, 29.33%, 0, 0, 12, 2499.39, 2155629, 1324
905, 0, 853, 966, 642, 0, 29.33%, 0, 0, 12, 2521.49, 2168370, 1324
910, 0, 853, 966, 642, 0, 29.33%, 0, 0, 12, 2410.15, 2180855, 1324
915, 0, 263, 966, 642, 0, 29.33%, 0, 0, 12, 2420.12, 2192863, 1324
920, 0, 769, 966, 642, 0, 29.33%, 0, 0, 12, 2353.31, 2204547, 1324
925, 0, 903, 966, 641, 0, 29.33%, 0, 0, 12, 2009.61, 2214587, 1324
930, 0, 123, 966, 641, 0, 29.33%, 0, 0, 12, 2402.08, 2227258, 1324
935, 0, 853, 966, 641, 0, 29.33%, 0, 0, 12, 2393.69, 2239535, 1324
940, 0, 626, 967, 642, 0, 29.33%, 0, 0, 12, 2533.48, 2252522, 1324
945, 0, 769, 967, 642, 0, 29.33%, 0, 0, 12, 2558.21, 2265639, 1324
950, 0, 853, 967, 642, 0, 29.33%, 0, 0, 12, 2500.07, 2278557, 1324
955, 0, 786, 968, 643, 0, 29.33%, 0, 0, 12, 2364.72, 2290519, 1324
960, 0, 287, 968, 643, 0, 29.33%, 0, 0, 12, 2549.30, 2303662, 1324
966, 0, 763, 968, 643, 0, 29.33%, 0, 0, 12, 2598.65, 2317184, 1324
971, 0, 198, 968, 643, 0, 29.33%, 0, 0, 12, 2257.70, 2328665, 1324
976, 0, 853, 968, 643, 0, 29.33%, 0, 0, 12, 2326.20, 2340306, 1324
981, 0, 853, 969, 644, 0, 29.33%, 0, 0, 12, 2225.07, 2351869, 1324
986, 0, 853, 969, 644, 0, 29.33%, 0, 0, 12, 1113.63, 2362591, 1324
991, 0, 211, 969, 644, 0, 29.33%, 0, 0, 12, 1963.37, 2373763, 1324
996, 0, 514, 969, 644, 0, 29.33%, 0, 0, 12, 2346.10, 2386579, 1324
1001, 0, 840, 969, 644, 0, 29.33%, 0, 0, 12, 2458.54, 2399306, 1324
1007, 0, 853, 969, 644, 0, 29.33%, 0, 0, 12, 2628.46, 2413140, 1324
1012, 1, 675, 969, 644, 0, 29.33%, 0, 0, 12, 2676.75, 2426599, 1324
1017, 1, 640, 970, 645, 0, 29.33%, 0, 0, 12, 2288.34, 2437821, 1324
1022, 1, 786, 970, 644, 0, 29.33%, 0, 0, 12, 2417.94, 2450413, 1324
1027, 1, 903, 970, 644, 0, 29.33%, 0, 0, 12, 2492.65, 2462783, 1324
1032, 1, 769, 970, 643, 0, 29.33%, 0, 0, 12, 2285.66, 2474446, 1324
1037, 1, 786, 970, 643, 0, 29.33%, 0, 0, 12, 2171.12, 2485161, 1324
1042, 1, 678, 971, 644, 0, 29.33%, 0, 0, 12, 2188.53, 2496770, 1324
1047, 1, 853, 971, 644, 0, 29.33%, 0, 0, 12, 2237.06, 2508188, 1324
1052, 1, 853, 971, 644, 0, 29.33%, 0, 0, 12, 2384.82, 2519984, 1324
1057, 1, 931, 971, 644, 0, 29.33%, 0, 0, 12, 2314.00, 2531714, 1324
1062, 1, 781, 971, 644, 0, 29.33%, 0, 0, 12, 2404.15, 2544254, 1324
1068, 1, 306, 971, 644, 0, 29.33%, 0, 0, 12, 2327.67, 2556353, 1324
1073, 1, 853, 971, 644, 0, 29.33%, 0, 0, 12, 2537.90, 2568932, 1324
1078, 1, 287, 971, 644, 0, 29.33%, 0, 0, 12, 2326.06, 2580582, 1324
1083, 1, 853, 971, 643, 0, 29.33%, 0, 0, 12, 2552.79, 2594185, 1324
1088, 1, 383, 971, 643, 0, 29.33%, 0, 0, 12, 2490.09, 2606502, 1324
1093, 1, 389, 971, 643, 0, 29.33%, 0, 0, 12, 2518.50, 2619418, 1324
1098, 1, 740, 971, 643, 0, 29.33%, 0, 0, 12, 2320.31, 2631305, 1324
1103, 1, 287, 971, 643, 0, 29.33%, 0, 0, 12, 2108.26, 2641652, 1324
1108, 1, 853, 972, 644, 1, 29.33%, 0, 0, 12, 2028.83, 2651898, 1324
1113, 1, 853, 973, 645, 1, 29.33%, 0, 0, 12, 2052.87, 2662381, 1324
1118, 1, 426, 974, 646, 1, 29.33%, 0, 0, 12, 2150.74, 2673596, 1324
1123, 1, 578, 978, 650, 1, 29.33%, 0, 0, 12, 2348.75, 2685523, 1324
1128, 1, 978, 984, 654, 1, 29.33%, 0, 0, 12, 2406.30, 2697605, 1324
1133, 1, 978, 989, 659, 1, 29.33%, 0, 0, 12, 2469.90, 2710097, 1324
1138, 1, 978, 990, 660, 1, 29.33%, 0, 0, 12, 2230.03, 2721452, 1324
1143, 1, 984, 990, 659, 2, 29.33%, 0, 0, 12, 2267.91, 2732928, 1324
1148, 1, 983, 990, 658, 1, 29.33%, 0, 0, 12, 2239.84, 2744406, 1324
1154, 1, 287, 991, 658, 1, 29.33%, 0, 0, 13, 2163.16, 2755583, 1324
1159, 1, 990, 994, 661, 1, 29.33%, 0, 0, 14, 2276.42, 2767192, 1324
1164, 1, 688, 996, 661, 0, 29.33%, 0, 0, 15, 2334.09, 2779419, 1324
1169, 1, 596, 996, 661, 0, 29.33%, 0, 0, 15, 2130.46, 2789712, 1324
1174, 1, 853, 997, 662, 0, 29.33%, 0, 0, 15, 2510.82, 2803209, 1324
1179, 1, 853, 997, 662, 0, 29.33%, 0, 0, 15, 2373.60, 2815368, 1324
1184, 1, 243, 998, 663, 0, 29.33%, 0, 0, 15, 2385.32, 2827732, 1324
1189, 1, 853, 999, 664, 0, 29.33%, 0, 0, 15, 2267.74, 2838623, 1324
1194, 1, 853, 999, 664, 0, 29.33%, 0, 0, 15, 2187.77, 2849524, 1324
1199, 1, 741, 999, 664, 0, 29.33%, 0, 0, 15, 2306.44, 2860823, 1324
1204, 1, 640, 999, 664, 0, 29.33%, 0, 0, 15, 2249.24, 2872382, 1324
1209, 1, 853, 999, 664, 0, 29.33%, 0, 0, 15, 2477.63, 2885097, 1324
1214, 1, 853, 999, 664, 0, 29.33%, 0, 0, 15, 2370.79, 2896828, 1324
1219, 1, 927, 999, 664, 0, 29.33%, 0, 0, 15, 2075.81, 2906803, 1324
1224, 1, 876, 999, 664, 0, 29.33%, 0, 0, 15, 2171.52, 2917807, 1324
1230, 1, 449, 999, 664, 0, 29.33%, 0, 0, 15, 2041.47, 2927879, 1324
1235, 1, 708, 999, 664, 0, 29.33%, 0, 0, 15, 2356.91, 2940191, 1324
1240, 1, 921, 1000, 665, 0, 29.33%, 0, 0, 15, 2377.49, 2952389, 1324
1245, 1, 921, 1000, 665, 0, 29.33%, 0, 0, 15, 2358.60, 2964732, 1324
1250, 1, 648, 1000, 665, 0, 29.33%, 0, 0, 15, 2329.70, 2976784, 1324
1255, 1, 514, 1001, 666, 0, 29.33%, 0, 0, 15, 2443.36, 2989389, 1324
1260, 1, 853, 1001, 666, 0, 29.33%, 0, 0, 15, 2085.31, 3000153, 1324
1266, 1, 741, 1001, 666, 0, 29.33%, 0, 0, 15, 2434.64, 3012949, 1324
1271, 1, 921, 1001, 666, 0, 29.33%, 0, 0, 15, 2382.74, 3025292, 1324
1276, 1, 927, 1001, 666, 0, 29.33%, 0, 0, 15, 2502.27, 3037853, 1324
1281, 1, 221, 1001, 666, 0, 29.33%, 0, 0, 15, 2507.79, 3050535, 1324
1286, 1, 822, 1001, 665, 0, 29.33%, 0, 0, 15, 2548.98, 3063830, 1324
1291, 1, 198, 1001, 665, 0, 29.33%, 0, 0, 15, 2443.64, 3075723, 1324
1296, 1, 287, 1001, 665, 0, 29.33%, 0, 0, 15, 2446.75, 3088597, 1324
1301, 1, 640, 1001, 665, 0, 29.33%, 0, 0, 15, 2465.66, 3101393, 1324
1306, 1, 921, 1001, 665, 0, 29.33%, 0, 0, 15, 2368.95, 3113327, 1324
1311, 1, 931, 1001, 665, 0, 29.33%, 0, 0, 15, 2474.97, 3125673, 1324
1317, 1, 991, 1001, 665, 0, 29.33%, 0, 0, 15, 2485.89, 3138717, 1324
1322, 1, 991, 1001, 665, 0, 29.33%, 0, 0, 15, 2434.39, 3150664, 1324
1327, 1, 853, 1001, 665, 0, 29.33%, 0, 0, 15, 2424.90, 3163087, 1324
1332, 1, 463, 1001, 665, 0, 29.33%, 0, 0, 15, 2508.93, 3175866, 1324
1337, 1, 927, 1001, 664, 0, 29.33%, 0, 0, 15, 2439.24, 3188263, 1324
1342, 1, 288, 1001, 664, 0, 29.33%, 0, 0, 15, 2327.25, 3200051, 1324
1347, 1, 455, 1001, 663, 0, 29.33%, 0, 0, 15, 2273.46, 3211305, 1324
1352, 1, 853, 1001, 663, 0, 29.33%, 0, 0, 15, 2537.57, 3224446, 1324
1357, 1, 287, 1001, 663, 0, 29.33%, 0, 0, 15, 2447.40, 3236790, 1324
1362, 1, 380, 1001, 663, 0, 29.33%, 0, 0, 15, 2475.51, 3249491, 1324
1367, 1, 198, 1001, 663, 0, 29.33%, 0, 0, 15, 2507.72, 3262399, 1324
1372, 1, 853, 1001, 662, 0, 29.33%, 0, 0, 15, 2219.35, 3273091, 1324
1377, 1, 853, 1001, 662, 0, 29.33%, 0, 0, 15, 2413.88, 3285140, 1324
1382, 1, 991, 1001, 662, 0, 29.33%, 0, 0, 15, 2291.44, 3296600, 1324
1388, 1, 853, 1001, 662, 0, 29.33%, 0, 0, 15, 2206.08, 3307879, 1324
1393, 1, 853, 1001, 662, 0, 29.33%, 0, 0, 15, 2216.03, 3319132, 1324
1398, 1, 876, 1003, 663, 1, 29.33%, 0, 0, 15, 2280.97, 3330660, 1324
1403, 1, 769, 1004, 663, 0, 29.33%, 0, 0, 15, 2480.14, 3343612, 1324
1408, 1, 860, 1004, 663, 0, 29.33%, 0, 0, 15, 2297.59, 3355570, 1324
1413, 1, 903, 1004, 662, 0, 29.33%, 0, 0, 15, 2372.06, 3367141, 1324
1418, 1, 664, 1004, 662, 0, 29.33%, 0, 0, 15, 2491.98, 3379449, 1324
1423, 1, 514, 1004, 662, 0, 29.33%, 0, 0, 15, 2333.23, 3390788, 1324
1428, 1, 664, 1004, 662, 0, 29.33%, 0, 0, 15, 2423.62, 3403542, 1324
1433, 1, 664, 1004, 662, 0, 29.33%, 0, 0, 15, 2598.68, 3417257, 1324
1438, 1, 124, 1004, 662, 0, 29.33%, 0, 0, 15, 2349.79, 3428544, 1324
1443, 1, 86, 1005, 663, 0, 29.33%, 0, 0, 15, 2346.66, 3439885, 1324
1448, 1, 853, 1005, 663, 0, 29.33%, 0, 0, 15, 2589.75, 3453255, 1324
1454, 1, 679, 1006, 664, 0, 29.33%, 0, 0, 15, 2395.96, 3465306, 1324
1459, 1, 822, 1007, 665, 0, 29.35%, 0, 0, 15, 2383.59, 3477303, 1325
1464, 1, 1006, 1008, 665, 1, 29.35%, 0, 0, 15, 2445.46, 3489676, 1325
1469, 1, 698, 1008, 664, 0, 29.35%, 0, 0, 15, 2486.69, 3502723, 1325
1474, 1, 853, 1008, 664, 0, 29.35%, 0, 0, 15, 2461.32, 3514576, 1325
1479, 1, 853, 1008, 664, 0, 29.35%, 0, 0, 15, 2306.47, 3525994, 1325
1484, 1, 741, 1008, 664, 0, 29.35%, 0, 0, 15, 2382.04, 3538349, 1325
1489, 1, 287, 1008, 664, 0, 29.35%, 0, 0, 15, 2528.81, 3551179, 1325
1494, 1, 664, 1008, 664, 0, 29.35%, 0, 0, 15, 2468.35, 3563414, 1325
1499, 1, 287, 1008, 664, 0, 29.35%, 0, 0, 15, 2474.17, 3576512, 1325
1504, 1, 1002, 1008, 664, 0, 29.35%, 0, 0, 15, 2275.17, 3587876, 1325
1509, 1, 853, 1008, 664, 0, 29.35%, 0, 0, 15, 2456.11, 3600457, 1325
1515, 1, 371, 1008, 663, 0, 29.35%, 0, 0, 15, 2339.09, 3612532, 1325
1520, 1, 514, 1008, 661, 0, 29.35%, 0, 0, 15, 2324.20, 3624541, 1325
1525, 1, 664, 1008, 661, 0, 29.35%, 0, 0, 15, 2426.32, 3637127, 1325
1530, 1, 263, 1008, 661, 0, 29.35%, 0, 0, 15, 2445.05, 3649420, 1325
1535, 1, 514, 1009, 661, 0, 29.35%, 0, 0, 15, 2271.29, 3660597, 1325
1540, 1, 287, 1009, 661, 0, 29.35%, 0, 0, 15, 2202.07, 3671927, 1325
1545, 1, 239, 1009, 661, 0, 29.35%, 0, 0, 15, 2187.14, 3683523, 1325
1550, 1, 853, 1009, 661, 0, 29.35%, 0, 0, 15, 2239.33, 3695187, 1325
1555, 1, 287, 1010, 662, 0, 29.35%, 0, 0, 15, 2477.13, 3707823, 1325
1560, 1, 228, 1010, 662, 0, 29.35%, 0, 0, 15, 2302.41, 3719430, 1325
1565, 1, 382, 1010, 662, 0, 29.35%, 0, 0, 15, 2421.92, 3731380, 1325
1571, 1, 991, 1010, 661, 0, 29.35%, 0, 0, 15, 2371.13, 3743731, 1325
1576, 1, 668, 1010, 661, 0, 29.35%, 0, 0, 15, 2536.90, 3756482, 1325
1581, 1, 664, 1010, 661, 0, 29.35%, 0, 0, 15, 2469.80, 3768896, 1325
1586, 1, 827, 1010, 661, 0, 29.35%, 0, 0, 15, 2358.39, 3780946, 1325
1591, 1, 853, 1011, 662, 0, 29.35%, 0, 0, 15, 2414.34, 3793133, 1325
1596, 1, 991, 1011, 662, 0, 29.35%, 0, 0, 15, 2326.64, 3804973, 1325
1601, 1, 287, 1012, 663, 0, 29.35%, 0, 0, 15, 2417.29, 3817327, 1325
1606, 1, 228, 1012, 662, 0, 29.35%, 0, 0, 15, 2402.72, 3829809, 1325
1611, 1, 853, 1012, 662, 0, 29.35%, 0, 0, 15, 2380.18, 3841680, 1325
1616, 1, 391, 1013, 662, 0, 29.35%, 0, 0, 15, 2360.91, 3853517, 1325
1621, 1, 853, 1013, 662, 0, 29.35%, 0, 0, 15, 2296.97, 3865181, 1325
1626, 1, 0, 1013, 662, 0, 29.35%, 0, 0, 15, 2345.55, 3876603, 1325
1631, 1, 664, 1013, 662, 0, 29.35%, 0, 0, 15, 2391.85, 3888669, 1325
1636, 1, 664, 1013, 661, 0, 29.35%, 0, 0, 15, 2426.55, 3900966, 1325
1642, 1, 853, 1013, 661, 0, 29.35%, 0, 0, 15, 2420.49, 3913773, 1325
1647, 1, 811, 1013, 661, 0, 29.35%, 0, 0, 15, 2328.21, 3925283, 1325
1652, 1, 287, 1013, 661, 0, 29.35%, 0, 0, 15, 2425.41, 3938085, 1325
1657, 1, 853, 1013, 661, 0, 29.35%, 0, 0, 15, 2139.40, 3947968, 1325
1662, 1, 664, 1013, 660, 0, 29.35%, 0, 0, 15, 2397.50, 3960473, 1325
1667, 1, 449, 1013, 660, 0, 29.35%, 0, 0, 15, 2341.08, 3972020, 1325
1672, 1, 11, 1013, 658, 0, 29.35%, 0, 0, 15, 2495.84, 3985249, 1325
1677, 1, 853, 1013, 658, 0, 29.35%, 0, 0, 15, 2509.99, 3997727, 1325
1682, 1, 391, 1013, 658, 0, 29.35%, 0, 0, 15, 2507.65, 4010443, 1325
1687, 1, 853, 1013, 658, 0, 29.35%, 0, 0, 15, 2323.49, 4022198, 1325
1692, 1, 515, 1013, 656, 0, 29.35%, 0, 0, 15, 2433.15, 4034346, 1325
1697, 1, 287, 1013, 655, 0, 29.35%, 0, 0, 15, 2453.71, 4046705, 1325
1702, 1, 797, 1013, 654, 0, 29.35%, 0, 0, 15, 2430.42, 4058991, 1325
1707, 1, 853, 1013, 654, 0, 29.35%, 0, 0, 15, 2495.27, 4071634, 1325
1713, 1, 306, 1013, 654, 0, 29.35%, 0, 0, 15, 2294.41, 4083505, 1325
1718, 1, 664, 1014, 655, 0, 29.35%, 0, 0, 15, 1467.31, 4091782, 1325
1723, 1, 1002, 1014, 655, 0, 29.35%, 0, 0, 15, 2057.71, 4103374, 1325
1728, 1, 810, 1014, 655, 0, 29.35%, 0, 0, 15, 2128.94, 4114759, 1325
1733, 1, 853, 1014, 654, 0, 29.35%, 0, 0, 15, 2111.86, 4125454, 1325
1738, 1, 921, 1014, 654, 0, 29.35%, 0, 0, 15, 2306.67, 4137176, 1325
1743, 1, 1002, 1014, 654, 0, 29.35%, 0, 0, 15, 2473.50, 4149963, 1325
1748, 1, 853, 1014, 654, 0, 29.35%, 0, 0, 15, 2318.98, 4160963, 1325
1754, 1, 640, 1016, 656, 0, 29.35%, 0, 0, 15, 2213.57, 4172768, 1325
1759, 1, 735, 1016, 656, 0, 29.35%, 0, 0, 15, 2189.55, 4183669, 1325
1764, 1, 780, 1016, 656, 0, 29.35%, 0, 0, 15, 2108.11, 4194071, 1325
1769, 1, 741, 1016, 655, 0, 29.35%, 0, 0, 15, 2290.38, 4205531, 1325
1774, 1, 306, 1016, 655, 0, 29.35%, 0, 0, 15, 2516.62, 4218930, 1325
1779, 1, 600, 1016, 655, 0, 29.35%, 0, 0, 15, 2408.32, 4230671, 1325
1784, 1, 797, 1016, 655, 0, 29.35%, 0, 0, 15, 2440.50, 4242733, 1325
1789, 1, 306, 1017, 656, 0, 29.35%, 0, 0, 15, 2511.41, 4255401, 1325
1794, 1, 921, 1017, 656, 0, 29.35%, 0, 0, 15, 2507.40, 4268202, 1325
1797, 1, 287, 1017, 656, 0, 29.35%, 0, 0, 15, 2532.15, 4276691, 1325
