# relative_time, cycles_done, cur_path, paths_total, pending_total, pending_favs, map_size, unique_crashes, unique_hangs, max_depth, execs_per_sec, total_execs, edges_found
60, 0, 0, 365, 351, 98, 23.59%, 0, 0, 4, 2169.54, 137692, 1065
65, 0, 0, 381, 367, 98, 23.73%, 0, 0, 4, 2196.95, 148828, 1071
70, 0, 0, 384, 370, 98, 23.79%, 0, 0, 4, 2266.83, 160287, 1074
75, 0, 271, 391, 370, 112, 23.81%, 0, 0, 4, 2305.47, 172105, 1075
80, 0, 2, 424, 398, 105, 24.17%, 0, 0, 4, 2323.30, 183901, 1091
85, 0, 2, 429, 403, 105, 24.41%, 0, 0, 4, 2183.44, 194543, 1102
90, 0, 2, 432, 406, 105, 24.46%, 0, 0, 4, 2233.15, 205897, 1104
95, 0, 116, 434, 405, 110, 24.46%, 0, 0, 4, 2232.83, 217244, 1104
101, 0, 324, 439, 403, 106, 24.52%, 0, 0, 4, 2153.63, 228089, 1107
106, 0, 369, 455, 413, 102, 24.66%, 0, 0, 5, 2329.11, 239961, 1113
111, 0, 215, 470, 427, 101, 24.68%, 0, 0, 5, 2360.44, 252097, 1114
116, 0, 215, 474, 431, 101, 24.70%, 0, 0, 5, 2379.68, 264313, 1115
117, 0, 215, 477, 434, 101, 24.70%, 0, 0, 5, 2276.96, 268226, 1115
