# relative_time, cycles_done, cur_path, paths_total, pending_total, pending_favs, map_size, unique_crashes, unique_hangs, max_depth, execs_per_sec, total_execs, edges_found
60, 0, 0, 319, 303, 47, 20.69%, 0, 0, 4, 2224.55, 144685, 934
65, 0, 0, 334, 318, 47, 20.80%, 0, 0, 4, 2137.00, 155563, 939
70, 0, 0, 338, 322, 47, 20.82%, 0, 0, 4, 2088.80, 166395, 940
76, 0, 168, 358, 341, 68, 20.87%, 0, 0, 4, 1986.39, 176703, 942
81, 0, 168, 381, 364, 68, 20.91%, 0, 0, 4, 2043.02, 186763, 944
86, 0, 168, 387, 370, 68, 20.93%, 0, 0, 4, 2013.64, 197163, 945
91, 0, 168, 391, 374, 68, 20.98%, 0, 0, 4, 2055.38, 207603, 947
96, 0, 1, 398, 378, 68, 21.13%, 0, 0, 4, 2148.48, 218377, 954
101, 0, 1, 400, 380, 68, 21.16%, 0, 0, 4, 2341.89, 230278, 955
106, 0, 1, 400, 380, 68, 21.16%, 0, 0, 4, 2253.11, 241916, 955
111, 0, 2, 419, 391, 68, 21.42%, 0, 0, 4, 2264.89, 252783, 967
116, 0, 2, 441, 413, 68, 21.82%, 0, 0, 4, 2279.28, 264583, 985
121, 0, 2, 446, 418, 68, 21.84%, 0, 0, 4, 2450.16, 276977, 986
126, 0, 183, 457, 428, 80, 21.87%, 0, 0, 4, 2349.30, 288700, 987
131, 0, 183, 464, 435, 80, 21.87%, 0, 0, 4, 2328.76, 300572, 987
136, 0, 183, 470, 441, 80, 21.91%, 0, 0, 4, 2283.45, 312448, 989
142, 0, 436, 475, 441, 76, 21.93%, 0, 0, 4, 2227.30, 323878, 990
147, 0, 436, 498, 464, 76, 22.22%, 0, 0, 4, 2182.80, 334566, 1003
152, 0, 436, 498, 464, 76, 22.22%, 0, 0, 4, 2078.48, 345113, 1003
157, 0, 436, 499, 465, 76, 22.24%, 0, 0, 4, 2152.20, 356301, 1004
162, 0, 464, 501, 457, 74, 22.24%, 0, 0, 4, 2142.91, 366866, 1004
167, 0, 487, 509, 463, 72, 22.29%, 0, 0, 4, 1849.74, 376522, 1006
172, 0, 487, 513, 467, 72, 22.29%, 0, 0, 4, 2239.14, 388328, 1006
177, 0, 487, 516, 470, 72, 22.33%, 0, 0, 4, 2299.05, 400146, 1008
182, 0, 144, 523, 476, 74, 22.33%, 0, 0, 4, 2186.31, 411156, 1008
187, 0, 263, 524, 473, 71, 22.35%, 0, 0, 4, 2344.15, 423216, 1009
192, 0, 262, 531, 478, 69, 22.35%, 0, 0, 5, 2486.89, 435873, 1009
197, 0, 262, 534, 481, 69, 22.35%, 0, 0, 5, 2239.39, 447295, 1009
203, 0, 262, 536, 483, 69, 22.35%, 0, 0, 5, 2176.57, 458245, 1009
208, 0, 493, 537, 473, 60, 22.35%, 0, 0, 6, 2164.08, 468850, 1009
213, 0, 213, 540, 467, 52, 22.40%, 0, 0, 6, 2199.62, 480208, 1011
218, 0, 150, 550, 474, 49, 22.42%, 0, 0, 6, 2170.76, 491475, 1012
223, 0, 150, 551, 475, 49, 22.42%, 0, 0, 6, 2250.43, 502800, 1012
228, 0, 150, 551, 475, 49, 22.42%, 0, 0, 6, 2104.68, 513898, 1012
233, 0, 274, 553, 465, 38, 22.42%, 0, 0, 6, 2422.50, 526386, 1012
238, 0, 501, 555, 455, 28, 22.46%, 0, 0, 6, 2313.72, 538540, 1014
243, 0, 495, 568, 465, 27, 22.53%, 0, 0, 6, 2321.86, 550459, 1017
248, 0, 495, 572, 469, 27, 22.55%, 0, 0, 6, 2315.84, 562281, 1018
253, 0, 62, 572, 462, 25, 22.55%, 0, 0, 6, 2272.62, 573743, 1018
258, 0, 65, 573, 453, 16, 22.57%, 0, 0, 6, 2175.31, 584824, 1019
264, 0, 565, 573, 446, 9, 22.57%, 0, 0, 6, 2302.18, 596826, 1019
269, 0, 174, 573, 442, 5, 22.57%, 0, 0, 6, 2419.39, 609212, 1019
274, 0, 574, 580, 445, 3, 22.60%, 0, 0, 6, 2351.25, 621130, 1020
279, 0, 574, 589, 454, 3, 22.60%, 0, 0, 6, 2344.05, 633270, 1020
284, 0, 574, 589, 454, 3, 22.60%, 0, 0, 6, 2420.22, 645564, 1020
289, 0, 174, 589, 453, 2, 22.60%, 0, 0, 6, 2324.46, 657240, 1020
294, 0, 43, 591, 452, 0, 22.60%, 0, 0, 6, 2406.17, 669853, 1020
299, 0, 335, 593, 453, 1, 22.62%, 0, 0, 6, 2491.30, 682933, 1021
304, 0, 440, 593, 452, 0, 22.62%, 0, 0, 6, 2531.35, 695655, 1021
309, 0, 526, 594, 453, 0, 22.62%, 0, 0, 6, 2457.50, 708094, 1021
315, 0, 452, 595, 454, 0, 22.62%, 0, 0, 6, 2340.36, 720337, 1021
320, 0, 65, 595, 454, 0, 22.62%, 0, 0, 6, 2247.84, 731878, 1021
325, 0, 65, 595, 454, 0, 22.62%, 0, 0, 6, 2272.51, 743587, 1021
330, 0, 464, 603, 462, 0, 22.64%, 0, 0, 6, 2185.93, 755081, 1022
335, 0, 464, 606, 465, 0, 22.64%, 0, 0, 6, 2252.83, 766944, 1022
340, 0, 3, 607, 464, 1, 22.64%, 0, 0, 6, 2314.12, 778438, 1022
345, 0, 43, 607, 462, 1, 22.64%, 0, 0, 6, 2179.96, 789314, 1022
350, 0, 607, 609, 463, 2, 22.68%, 0, 0, 6, 1953.93, 799183, 1024
355, 0, 274, 609, 461, 1, 22.68%, 0, 0, 6, 2135.06, 810537, 1024
360, 0, 41, 609, 461, 1, 22.68%, 0, 0, 6, 2356.55, 822756, 1024
365, 0, 526, 610, 459, 1, 22.68%, 0, 0, 6, 2498.91, 836173, 1024
371, 0, 605, 615, 462, 1, 22.68%, 0, 0, 6, 2325.78, 848588, 1024
376, 0, 605, 616, 463, 1, 22.68%, 0, 0, 6, 2059.74, 858267, 1024
381, 0, 605, 617, 464, 1, 22.68%, 0, 0, 6, 1698.71, 866530, 1024
386, 0, 605, 617, 464, 1, 22.68%, 0, 0, 6, 1827.54, 875912, 1024
391, 0, 468, 617, 463, 0, 22.68%, 0, 0, 6, 2091.96, 886457, 1024
396, 0, 323, 618, 464, 0, 22.68%, 0, 0, 6, 2207.25, 897852, 1024
401, 0, 554, 619, 465, 0, 22.68%, 0, 0, 6, 2151.24, 908731, 1024
406, 0, 65, 619, 465, 0, 22.68%, 0, 0, 6, 2294.06, 920539, 1024
411, 0, 46, 621, 466, 0, 22.68%, 0, 0, 6, 2103.42, 931253, 1024
416, 0, 621, 623, 468, 1, 22.91%, 0, 0, 6, 2219.58, 942456, 1034
421, 0, 65, 623, 467, 0, 22.91%, 0, 0, 6, 2308.35, 954107, 1034
426, 0, 65, 623, 466, 0, 22.91%, 0, 0, 6, 2280.78, 965414, 1034
432, 0, 43, 623, 466, 0, 22.91%, 0, 0, 6, 2278.77, 977170, 1034
437, 0, 3, 623, 466, 0, 22.91%, 0, 0, 6, 2174.92, 988639, 1034
442, 0, 65, 623, 466, 0, 22.91%, 0, 0, 6, 2057.60, 998585, 1034
447, 0, 557, 623, 466, 0, 22.91%, 0, 0, 6, 2212.77, 1010198, 1034
452, 0, 595, 623, 466, 0, 22.91%, 0, 0, 6, 2161.12, 1021408, 1034
457, 0, 452, 624, 467, 0, 22.91%, 0, 0, 6, 2255.95, 1033014, 1034
462, 0, 526, 624, 467, 0, 22.91%, 0, 0, 6, 2086.23, 1043277, 1034
467, 0, 65, 624, 467, 0, 22.91%, 0, 0, 6, 2186.31, 1054299, 1034
472, 0, 65, 624, 467, 0, 22.91%, 0, 0, 6, 2215.59, 1065384, 1034
477, 0, 98, 624, 467, 0, 22.91%, 0, 0, 6, 2242.18, 1077151, 1034
483, 0, 316, 624, 467, 0, 22.91%, 0, 0, 6, 1992.61, 1087186, 1034
488, 0, 573, 624, 467, 0, 22.91%, 0, 0, 6, 2135.26, 1098069, 1034
493, 0, 620, 624, 467, 0, 22.91%, 0, 0, 6, 2296.12, 1109613, 1034
498, 0, 65, 626, 469, 0, 22.91%, 0, 0, 6, 2286.19, 1121472, 1034
503, 0, 621, 627, 470, 0, 22.91%, 0, 0, 6, 2213.71, 1132185, 1034
508, 0, 554, 628, 471, 0, 22.91%, 0, 0, 6, 2221.23, 1143199, 1034
513, 0, 493, 629, 471, 0, 22.93%, 0, 0, 6, 2138.48, 1154144, 1035
518, 0, 65, 630, 472, 0, 22.93%, 0, 0, 6, 2160.38, 1165258, 1035
523, 0, 65, 630, 472, 0, 22.93%, 0, 0, 6, 2193.26, 1176599, 1035
528, 1, 43, 630, 472, 0, 22.93%, 0, 0, 6, 2352.81, 1189111, 1035
533, 1, 43, 630, 472, 0, 22.93%, 0, 0, 6, 2247.84, 1200103, 1035
538, 1, 2, 630, 472, 0, 22.93%, 0, 0, 6, 2461.57, 1213133, 1035
544, 1, 554, 630, 472, 0, 22.93%, 0, 0, 6, 2500.87, 1225849, 1035
549, 1, 43, 630, 472, 0, 22.93%, 0, 0, 6, 2395.84, 1237826, 1035
554, 1, 557, 630, 471, 0, 22.93%, 0, 0, 6, 2303.41, 1249810, 1035
559, 1, 551, 630, 470, 0, 22.93%, 0, 0, 6, 2378.37, 1262041, 1035
564, 1, 174, 630, 470, 0, 22.93%, 0, 0, 6, 2247.66, 1273179, 1035
569, 1, 2, 630, 470, 0, 22.93%, 0, 0, 6, 2260.30, 1285253, 1035
574, 1, 43, 630, 470, 0, 22.93%, 0, 0, 6, 2258.70, 1296595, 1035
579, 1, 43, 630, 470, 0, 22.93%, 0, 0, 6, 2357.69, 1309175, 1035
584, 1, 2, 630, 469, 0, 22.93%, 0, 0, 6, 2425.73, 1321968, 1035
589, 1, 620, 630, 469, 0, 22.93%, 0, 0, 6, 2418.38, 1333868, 1035
595, 1, 174, 630, 469, 0, 22.93%, 0, 0, 6, 2238.05, 1345415, 1035
600, 1, 621, 630, 469, 0, 22.93%, 0, 0, 6, 2441.06, 1358205, 1035
605, 1, 1, 630, 469, 0, 22.93%, 0, 0, 6, 2503.56, 1371213, 1035
610, 1, 43, 630, 469, 0, 22.93%, 0, 0, 6, 2328.93, 1382939, 1035
615, 1, 331, 630, 468, 0, 22.93%, 0, 0, 6, 2297.40, 1394112, 1035
620, 1, 607, 630, 468, 0, 22.93%, 0, 0, 6, 2278.04, 1405339, 1035
625, 1, 65, 630, 468, 0, 22.93%, 0, 0, 6, 2132.41, 1416031, 1035
630, 1, 43, 630, 466, 0, 22.93%, 0, 0, 6, 2248.76, 1427891, 1035
635, 1, 323, 630, 466, 0, 22.93%, 0, 0, 6, 2157.58, 1438984, 1035
641, 1, 554, 632, 467, 0, 22.93%, 0, 0, 6, 2334.13, 1451331, 1035
646, 1, 136, 633, 467, 0, 22.93%, 0, 0, 6, 2388.85, 1464029, 1035
651, 1, 526, 633, 467, 0, 22.93%, 0, 0, 6, 2261.56, 1474751, 1035
656, 1, 174, 634, 468, 1, 22.95%, 0, 0, 6, 2187.28, 1485179, 1036
661, 1, 526, 634, 465, 0, 22.95%, 0, 0, 6, 2328.14, 1497597, 1036
666, 1, 174, 634, 465, 0, 22.95%, 0, 0, 6, 2527.22, 1510380, 1036
671, 1, 43, 634, 465, 0, 22.95%, 0, 0, 6, 2443.31, 1522650, 1036
676, 1, 71, 634, 465, 0, 22.95%, 0, 0, 6, 2535.77, 1535830, 1036
681, 1, 41, 634, 463, 0, 22.95%, 0, 0, 6, 2490.45, 1548208, 1036
686, 1, 43, 634, 463, 0, 22.95%, 0, 0, 6, 2305.26, 1559973, 1036
692, 1, 595, 634, 462, 0, 22.95%, 0, 0, 6, 2309.97, 1571419, 1036
697, 1, 468, 635, 463, 0, 22.95%, 0, 0, 6, 2359.41, 1583348, 1036
702, 1, 2, 635, 463, 0, 22.95%, 0, 0, 6, 2381.21, 1595693, 1036
707, 1, 81, 636, 464, 0, 22.95%, 0, 0, 6, 2250.53, 1607119, 1036
712, 1, 65, 636, 464, 0, 22.95%, 0, 0, 6, 2454.94, 1619882, 1036
717, 1, 562, 636, 464, 0, 22.95%, 0, 0, 6, 2112.58, 1630338, 1036
722, 1, 65, 636, 464, 0, 22.95%, 0, 0, 6, 2276.45, 1641806, 1036
727, 1, 526, 636, 464, 0, 22.95%, 0, 0, 6, 2130.02, 1652720, 1036
732, 1, 65, 637, 464, 0, 22.95%, 0, 0, 6, 2336.01, 1664972, 1036
737, 1, 620, 637, 464, 0, 22.95%, 0, 0, 6, 2348.16, 1676970, 1036
743, 1, 43, 637, 464, 0, 22.95%, 0, 0, 6, 2407.97, 1689484, 1036
748, 1, 41, 637, 464, 0, 22.95%, 0, 0, 6, 2043.96, 1698960, 1036
753, 1, 554, 637, 464, 0, 22.95%, 0, 0, 6, 2325.26, 1711204, 1036
758, 1, 65, 637, 464, 0, 22.95%, 0, 0, 6, 2419.57, 1724015, 1036
763, 1, 65, 638, 465, 1, 22.97%, 0, 0, 6, 2526.61, 1736756, 1037
768, 1, 554, 639, 464, 0, 23.00%, 0, 0, 6, 2528.61, 1749982, 1038
773, 1, 174, 639, 464, 0, 23.00%, 0, 0, 6, 2521.43, 1762901, 1038
778, 1, 595, 640, 465, 0, 23.00%, 0, 0, 6, 2196.78, 1773624, 1038
784, 1, 595, 642, 467, 0, 23.00%, 0, 0, 6, 2426.14, 1786542, 1038
789, 1, 65, 643, 467, 1, 23.00%, 0, 0, 6, 2530.86, 1799850, 1038
794, 1, 620, 643, 466, 0, 23.00%, 0, 0, 6, 2372.09, 1812034, 1038
799, 1, 554, 643, 466, 0, 23.00%, 0, 0, 6, 2231.10, 1823278, 1038
804, 2, 311, 644, 467, 0, 23.00%, 0, 0, 6, 2218.10, 1834505, 1038
809, 2, 526, 646, 469, 0, 23.00%, 0, 0, 6, 2234.97, 1845720, 1038
814, 2, 312, 646, 469, 0, 23.00%, 0, 0, 6, 2192.07, 1856706, 1038
819, 2, 43, 647, 470, 0, 23.00%, 0, 0, 6, 2294.64, 1868221, 1038
824, 2, 65, 648, 471, 0, 23.00%, 0, 0, 6, 2303.23, 1880278, 1038
830, 2, 595, 648, 471, 0, 23.00%, 0, 0, 6, 2428.41, 1893097, 1038
835, 2, 620, 649, 472, 0, 23.00%, 0, 0, 6, 2465.39, 1906108, 1038
840, 2, 65, 650, 473, 0, 23.00%, 0, 0, 6, 2339.56, 1917430, 1038
845, 2, 562, 651, 473, 0, 23.00%, 0, 0, 6, 2432.59, 1929765, 1038
850, 2, 174, 651, 473, 0, 23.00%, 0, 0, 6, 2420.47, 1942255, 1038
855, 2, 43, 651, 473, 0, 23.00%, 0, 0, 6, 2427.49, 1955258, 1038
860, 2, 651, 652, 474, 1, 23.02%, 0, 0, 6, 2445.12, 1967778, 1039
866, 2, 554, 654, 475, 1, 23.02%, 0, 0, 6, 2529.86, 1980742, 1039
871, 2, 526, 654, 474, 0, 23.02%, 0, 0, 6, 2398.61, 1992788, 1039
876, 2, 136, 654, 474, 0, 23.02%, 0, 0, 6, 2418.29, 2005088, 1039
881, 2, 654, 657, 477, 3, 23.02%, 0, 0, 6, 2421.24, 2017182, 1039
886, 2, 526, 657, 475, 2, 23.02%, 0, 0, 6, 2528.29, 2030295, 1039
891, 2, 378, 657, 474, 2, 23.02%, 0, 0, 6, 2446.45, 2042823, 1039
896, 2, 553, 657, 473, 1, 23.02%, 0, 0, 6, 2365.48, 2054361, 1039
901, 2, 619, 657, 471, 1, 23.02%, 0, 0, 6, 2295.59, 2065814, 1039
906, 2, 174, 657, 470, 0, 23.02%, 0, 0, 6, 2476.30, 2078792, 1039
912, 2, 472, 657, 470, 0, 23.02%, 0, 0, 6, 2553.94, 2091716, 1039
917, 2, 277, 657, 470, 0, 23.02%, 0, 0, 6, 2524.04, 2104707, 1039
922, 2, 65, 657, 470, 0, 23.02%, 0, 0, 6, 2541.64, 2117875, 1039
927, 2, 620, 657, 470, 0, 23.02%, 0, 0, 6, 2540.39, 2131110, 1039
932, 2, 65, 657, 469, 0, 23.02%, 0, 0, 6, 2405.84, 2142869, 1039
937, 2, 43, 658, 470, 0, 23.02%, 0, 0, 6, 2519.38, 2156022, 1039
943, 2, 153, 658, 470, 0, 23.02%, 1, 0, 6, 2484.64, 2168646, 1039
948, 2, 554, 658, 470, 0, 23.02%, 1, 0, 6, 2400.58, 2180964, 1039
953, 2, 65, 658, 470, 0, 23.02%, 1, 0, 6, 2466.97, 2193706, 1039
958, 2, 526, 658, 470, 0, 23.02%, 1, 0, 6, 2510.73, 2206745, 1039
963, 2, 43, 659, 470, 0, 23.02%, 1, 0, 6, 2350.62, 2217618, 1039
968, 2, 1, 659, 469, 0, 23.02%, 1, 0, 6, 2350.29, 2229941, 1039
973, 2, 41, 659, 469, 0, 23.02%, 1, 0, 6, 2491.12, 2242664, 1039
979, 2, 137, 661, 470, 1, 23.02%, 1, 0, 6, 2491.51, 2255513, 1039
984, 2, 658, 668, 477, 1, 23.04%, 1, 0, 6, 1339.27, 2260875, 1040
989, 2, 658, 668, 477, 1, 23.04%, 1, 0, 6, 1063.99, 2265921, 1040
994, 2, 658, 668, 477, 1, 23.04%, 1, 0, 6, 978.98, 2270572, 1040
999, 2, 12, 668, 474, 2, 23.04%, 1, 0, 6, 1527.99, 2278020, 1040
1004, 2, 667, 671, 475, 1, 23.04%, 1, 0, 6, 1822.59, 2288573, 1040
1009, 2, 153, 671, 474, 0, 23.04%, 1, 0, 6, 2184.03, 2299541, 1040
1014, 2, 496, 671, 474, 0, 23.04%, 1, 0, 6, 2271.17, 2311729, 1040
1020, 2, 651, 672, 474, 0, 23.13%, 1, 0, 7, 2121.16, 2323158, 1044
1025, 2, 672, 676, 477, 1, 23.15%, 1, 0, 9, 2089.77, 2333193, 1045
1030, 2, 672, 682, 483, 1, 23.17%, 1, 0, 9, 2265.03, 2345434, 1046
1035, 2, 672, 686, 487, 1, 23.17%, 1, 0, 9, 2261.03, 2356699, 1046
1040, 2, 683, 687, 486, 2, 23.17%, 1, 0, 10, 2227.43, 2368147, 1046
1045, 2, 636, 688, 485, 0, 23.17%, 1, 0, 10, 2140.55, 2379072, 1046
1050, 2, 43, 688, 485, 0, 23.17%, 1, 0, 10, 2248.96, 2390740, 1046
1055, 2, 323, 688, 485, 0, 23.17%, 1, 0, 10, 2089.59, 2400688, 1046
1060, 2, 65, 689, 486, 0, 23.17%, 1, 0, 10, 2214.87, 2411901, 1046
1066, 2, 65, 691, 487, 0, 23.17%, 1, 0, 10, 2310.62, 2424043, 1046
1071, 2, 65, 691, 487, 0, 23.17%, 1, 0, 10, 2460.44, 2436770, 1046
1076, 2, 554, 691, 487, 0, 23.17%, 1, 0, 10, 2413.21, 2449046, 1046
1081, 2, 43, 691, 487, 0, 23.17%, 1, 0, 10, 2514.94, 2461524, 1046
1086, 2, 554, 691, 487, 0, 23.17%, 1, 0, 10, 2375.70, 2472629, 1046
1091, 2, 43, 691, 487, 0, 23.17%, 1, 0, 10, 2578.60, 2486124, 1046
1096, 2, 472, 691, 487, 0, 23.17%, 1, 0, 10, 2439.27, 2498113, 1046
1101, 2, 174, 691, 487, 0, 23.17%, 1, 0, 10, 2343.98, 2510084, 1046
1106, 2, 107, 691, 487, 0, 23.17%, 1, 0, 10, 2263.95, 2521894, 1046
1111, 2, 174, 691, 487, 0, 23.17%, 1, 0, 10, 2126.39, 2532495, 1046
1117, 2, 411, 691, 487, 0, 23.17%, 1, 0, 10, 2194.17, 2543346, 1046
1122, 2, 43, 692, 488, 0, 23.17%, 1, 0, 10, 2336.49, 2555298, 1046
1127, 3, 554, 692, 488, 0, 23.17%, 1, 0, 10, 2292.38, 2566762, 1046
1132, 3, 45, 692, 488, 0, 23.17%, 1, 0, 10, 2385.43, 2579116, 1046
1137, 3, 263, 692, 488, 0, 23.17%, 1, 0, 10, 2461.22, 2591859, 1046
1142, 3, 65, 692, 488, 0, 23.17%, 1, 0, 10, 2102.47, 2602755, 1046
1147, 3, 326, 692, 488, 0, 23.17%, 1, 0, 10, 2328.17, 2614716, 1046
1152, 3, 144, 692, 488, 0, 23.17%, 1, 0, 10, 2199.60, 2625699, 1046
1157, 3, 400, 693, 489, 0, 23.17%, 1, 0, 10, 2343.54, 2638022, 1046
1162, 3, 139, 693, 488, 0, 23.17%, 1, 0, 10, 2278.54, 2649499, 1046
1168, 3, 174, 693, 488, 0, 23.17%, 1, 0, 10, 2414.71, 2662145, 1046
1173, 3, 156, 694, 489, 0, 23.17%, 1, 0, 10, 2300.95, 2673974, 1046
1178, 3, 428, 696, 491, 0, 23.17%, 1, 0, 10, 2152.47, 2684308, 1046
1183, 3, 98, 696, 490, 0, 23.17%, 1, 0, 10, 2369.05, 2696440, 1046
1188, 3, 65, 697, 490, 0, 23.17%, 1, 0, 10, 2429.68, 2709099, 1046
1193, 3, 65, 697, 490, 0, 23.17%, 1, 0, 10, 2213.06, 2720586, 1046
1198, 3, 621, 697, 490, 0, 23.17%, 1, 0, 10, 2370.17, 2733148, 1046
1203, 3, 65, 697, 489, 0, 23.17%, 1, 0, 10, 2184.37, 2744442, 1046
1209, 3, 526, 697, 488, 0, 23.17%, 1, 0, 10, 2343.04, 2756267, 1046
1214, 3, 65, 698, 488, 0, 23.17%, 1, 0, 10, 2478.25, 2769220, 1046
1219, 3, 43, 698, 485, 0, 23.17%, 1, 0, 10, 2428.92, 2781151, 1046
1224, 3, 636, 698, 485, 0, 23.17%, 1, 0, 10, 2296.01, 2792773, 1046
1229, 3, 174, 698, 485, 0, 23.17%, 1, 0, 10, 2318.36, 2804342, 1046
1234, 3, 551, 698, 485, 0, 23.17%, 1, 0, 10, 2315.09, 2816183, 1046
1239, 3, 65, 698, 484, 0, 23.17%, 1, 0, 10, 2418.28, 2828196, 1046
1244, 3, 65, 698, 484, 0, 23.17%, 1, 0, 10, 2413.06, 2840346, 1046
1249, 3, 472, 698, 484, 0, 23.17%, 1, 0, 10, 2492.67, 2853198, 1046
1255, 3, 43, 698, 484, 0, 23.17%, 1, 0, 10, 2516.75, 2866206, 1046
1260, 3, 43, 698, 483, 0, 23.17%, 1, 0, 10, 2428.50, 2878765, 1046
1265, 3, 43, 698, 483, 0, 23.17%, 1, 0, 10, 2283.90, 2890435, 1046
1270, 3, 225, 698, 483, 0, 23.17%, 1, 0, 10, 2382.57, 2903212, 1046
1275, 3, 689, 698, 482, 0, 23.17%, 1, 0, 10, 2280.16, 2915055, 1046
1280, 3, 65, 698, 482, 0, 23.17%, 1, 0, 10, 2250.24, 2926385, 1046
1285, 3, 65, 699, 483, 0, 23.17%, 1, 0, 10, 2231.27, 2937723, 1046
1290, 3, 526, 699, 483, 0, 23.17%, 1, 0, 10, 2142.50, 2948404, 1046
1295, 3, 65, 699, 483, 0, 23.17%, 1, 0, 10, 1957.52, 2958355, 1046
1301, 3, 595, 699, 483, 0, 23.17%, 1, 0, 10, 2181.02, 2969859, 1046
1306, 3, 174, 699, 483, 0, 23.17%, 1, 0, 10, 2361.09, 2982356, 1046
1311, 3, 554, 700, 484, 0, 23.17%, 1, 0, 10, 2252.98, 2993865, 1046
1316, 3, 595, 700, 483, 0, 23.17%, 1, 0, 10, 2352.15, 3006126, 1046
1321, 3, 65, 700, 483, 0, 23.17%, 1, 0, 10, 2338.09, 3018232, 1046
1326, 3, 43, 700, 483, 0, 23.17%, 1, 0, 10, 2198.46, 3029501, 1046
1331, 3, 452, 700, 482, 0, 23.17%, 1, 0, 10, 2360.34, 3041466, 1046
1337, 3, 65, 701, 483, 1, 23.17%, 1, 0, 10, 2390.25, 3054153, 1046
1342, 3, 65, 701, 482, 0, 23.17%, 1, 0, 10, 2251.80, 3065835, 1046
1347, 3, 468, 702, 483, 0, 23.17%, 1, 0, 10, 2120.94, 3076564, 1046
1352, 3, 3, 702, 483, 0, 23.17%, 1, 0, 10, 2189.48, 3088075, 1046
1357, 3, 65, 702, 483, 0, 23.17%, 1, 0, 10, 2036.21, 3098087, 1046
1362, 3, 43, 702, 482, 0, 23.17%, 1, 0, 10, 2061.06, 3108572, 1046
1367, 3, 65, 702, 482, 0, 23.17%, 1, 0, 10, 2199.22, 3119760, 1046
1372, 3, 468, 702, 482, 0, 23.17%, 1, 0, 10, 2310.48, 3131857, 1046
1378, 3, 410, 702, 482, 0, 23.17%, 1, 0, 10, 2206.75, 3143399, 1046
1383, 3, 595, 703, 483, 0, 23.17%, 1, 0, 10, 2189.99, 3154815, 1046
1388, 3, 81, 703, 483, 0, 23.17%, 1, 0, 10, 2134.66, 3165932, 1046
1393, 3, 683, 703, 483, 0, 23.17%, 1, 0, 10, 2366.24, 3178333, 1046
1398, 3, 43, 703, 483, 0, 23.17%, 1, 0, 10, 2209.21, 3189320, 1046
1403, 3, 168, 703, 483, 0, 23.17%, 1, 0, 10, 2383.19, 3201854, 1046
1408, 3, 168, 703, 483, 0, 23.17%, 1, 0, 10, 2482.63, 3214387, 1046
1413, 3, 43, 704, 484, 0, 23.17%, 1, 0, 10, 2341.59, 3226361, 1046
1419, 3, 65, 704, 483, 0, 23.17%, 1, 0, 10, 2307.05, 3237644, 1046
1424, 4, 65, 704, 483, 0, 23.17%, 1, 0, 10, 2444.87, 3250394, 1046
1429, 4, 636, 705, 484, 0, 23.17%, 1, 0, 10, 2502.50, 3263274, 1046
1434, 4, 65, 705, 484, 0, 23.17%, 1, 0, 10, 2534.34, 3276505, 1046
1439, 4, 636, 705, 484, 0, 23.17%, 1, 0, 10, 2557.13, 3289763, 1046
1444, 4, 81, 705, 484, 0, 23.17%, 1, 0, 10, 2230.53, 3300885, 1046
1449, 4, 65, 705, 484, 0, 23.17%, 1, 0, 10, 2204.46, 3311547, 1046
1454, 4, 678, 705, 484, 0, 23.17%, 1, 0, 10, 2193.06, 3322723, 1046
1459, 4, 668, 707, 486, 0, 23.17%, 1, 0, 10, 2243.80, 3333881, 1046
1464, 4, 526, 707, 486, 0, 23.17%, 1, 0, 10, 2240.84, 3344738, 1046
1470, 4, 468, 707, 486, 0, 23.17%, 1, 0, 10, 2296.47, 3356883, 1046
1475, 4, 65, 707, 486, 0, 23.17%, 1, 0, 10, 2203.81, 3368094, 1046
1480, 4, 668, 707, 486, 0, 23.17%, 1, 0, 10, 2237.73, 3379420, 1046
1485, 4, 43, 707, 485, 0, 23.17%, 1, 0, 10, 2191.15, 3390104, 1046
1490, 4, 277, 708, 485, 1, 23.19%, 1, 0, 10, 2182.27, 3401312, 1047
1495, 4, 43, 708, 485, 1, 23.19%, 1, 0, 10, 2135.31, 3412077, 1047
1500, 4, 558, 709, 485, 0, 23.19%, 1, 0, 10, 2258.00, 3423900, 1047
1505, 4, 119, 711, 486, 1, 23.22%, 1, 0, 10, 2174.97, 3434727, 1048
1510, 4, 174, 711, 485, 0, 23.22%, 1, 0, 10, 2219.07, 3446100, 1048
1515, 4, 526, 711, 485, 0, 23.22%, 1, 0, 10, 2319.88, 3457461, 1048
1521, 4, 8, 711, 485, 0, 23.22%, 1, 0, 10, 2404.81, 3470087, 1048
1526, 4, 65, 711, 483, 0, 23.22%, 1, 0, 10, 2419.35, 3482693, 1048
1531, 4, 65, 712, 483, 0, 23.22%, 1, 0, 10, 2504.02, 3495837, 1048
1536, 4, 668, 713, 484, 0, 23.22%, 1, 0, 10, 2271.02, 3506892, 1048
1541, 4, 621, 713, 484, 0, 23.22%, 1, 0, 10, 2228.62, 3518486, 1048
1546, 4, 452, 713, 484, 0, 23.22%, 1, 0, 10, 2163.28, 3529053, 1048
1551, 4, 668, 713, 484, 0, 23.22%, 1, 0, 10, 2304.93, 3541261, 1048
1556, 4, 440, 713, 484, 0, 23.22%, 1, 0, 10, 2294.58, 3552687, 1048
1561, 4, 43, 713, 484, 0, 23.22%, 1, 0, 10, 2208.76, 3563854, 1048
1567, 4, 65, 713, 484, 0, 23.22%, 1, 0, 10, 2182.68, 3574870, 1048
1572, 4, 174, 714, 485, 0, 23.22%, 1, 0, 10, 1978.70, 3584907, 1048
1577, 4, 526, 714, 485, 0, 23.22%, 1, 0, 10, 2019.62, 3595188, 1048
1582, 4, 621, 714, 483, 0, 23.22%, 1, 0, 10, 2336.92, 3607536, 1048
1587, 4, 174, 714, 483, 0, 23.22%, 1, 0, 10, 2361.26, 3619745, 1048
1592, 4, 468, 714, 483, 0, 23.22%, 1, 0, 10, 2122.96, 3630090, 1048
1597, 4, 65, 715, 484, 0, 23.22%, 1, 0, 10, 2058.13, 3640809, 1048
1603, 4, 667, 715, 484, 0, 23.22%, 1, 0, 10, 2175.82, 3652092, 1048
1608, 4, 43, 715, 484, 0, 23.22%, 1, 0, 10, 2114.14, 3662309, 1048
1613, 4, 65, 715, 484, 0, 23.22%, 1, 0, 10, 2268.97, 3673730, 1048
1618, 4, 144, 715, 484, 0, 23.22%, 1, 0, 10, 2271.74, 3685397, 1048
1623, 4, 588, 720, 489, 0, 23.22%, 1, 0, 10, 2150.67, 3696010, 1048
1628, 4, 588, 723, 492, 0, 23.22%, 1, 0, 10, 2284.60, 3707433, 1048
1633, 4, 588, 724, 493, 0, 23.22%, 1, 0, 10, 2450.07, 3720437, 1048
1638, 4, 723, 724, 492, 1, 23.22%, 1, 0, 10, 2231.16, 3731468, 1048
1643, 4, 724, 725, 492, 1, 23.22%, 1, 0, 10, 2062.04, 3741683, 1048
1648, 4, 541, 725, 491, 0, 23.22%, 1, 0, 10, 2336.30, 3753958, 1048
1653, 4, 621, 725, 491, 0, 23.22%, 1, 0, 10, 2310.43, 3765624, 1048
1658, 4, 2, 725, 491, 0, 23.22%, 1, 0, 10, 2103.99, 3776484, 1048
1664, 4, 395, 725, 490, 0, 23.22%, 1, 0, 10, 2287.98, 3788276, 1048
1669, 4, 65, 725, 490, 0, 23.22%, 1, 0, 10, 2119.10, 3799469, 1048
1674, 4, 468, 726, 491, 0, 23.22%, 1, 0, 10, 2248.10, 3810750, 1048
1679, 4, 468, 726, 490, 0, 23.22%, 1, 0, 10, 2130.70, 3821733, 1048
1684, 4, 65, 726, 490, 0, 23.22%, 1, 0, 10, 2211.66, 3833311, 1048
1689, 4, 65, 726, 490, 0, 23.22%, 1, 0, 10, 2088.28, 3844064, 1048
1694, 4, 472, 726, 490, 0, 23.22%, 1, 0, 10, 2361.24, 3856674, 1048
1700, 4, 557, 726, 490, 0, 23.22%, 1, 0, 10, 2406.68, 3868787, 1048
1705, 4, 65, 726, 489, 0, 23.22%, 1, 0, 10, 2321.77, 3880455, 1048
1710, 4, 2, 726, 489, 0, 23.22%, 1, 0, 10, 2184.98, 3891401, 1048
1715, 4, 468, 727, 489, 0, 23.22%, 1, 0, 10, 2273.89, 3903276, 1048
1720, 4, 709, 727, 487, 0, 23.22%, 1, 0, 10, 1990.86, 3913426, 1048
1725, 4, 727, 729, 488, 1, 23.22%, 1, 0, 10, 2159.41, 3924281, 1048
1730, 4, 729, 731, 489, 2, 23.24%, 1, 0, 10, 2300.97, 3935860, 1049
1735, 4, 729, 734, 492, 2, 23.24%, 1, 0, 10, 2302.97, 3947620, 1049
1740, 4, 729, 734, 492, 2, 23.24%, 1, 0, 10, 2302.68, 3959190, 1049
1745, 4, 729, 734, 492, 2, 23.24%, 1, 0, 10, 2284.44, 3970727, 1049
1750, 4, 43, 734, 490, 0, 23.24%, 1, 0, 10, 2256.43, 3982367, 1049
1755, 4, 668, 734, 490, 0, 23.24%, 1, 0, 10, 2128.11, 3992911, 1049
1760, 4, 65, 734, 489, 0, 23.24%, 1, 0, 10, 2042.18, 4003010, 1049
1765, 4, 174, 734, 489, 0, 23.24%, 1, 0, 10, 2092.70, 4013868, 1049
1770, 4, 729, 734, 489, 0, 23.24%, 1, 0, 10, 2267.49, 4025175, 1049
1775, 4, 468, 734, 489, 0, 23.24%, 1, 0, 10, 2260.17, 4037131, 1049
1781, 4, 468, 735, 490, 0, 23.24%, 1, 0, 10, 2113.74, 4048189, 1049
1786, 5, 3, 735, 490, 0, 23.24%, 1, 0, 10, 2380.43, 4060590, 1049
1791, 5, 554, 735, 490, 0, 23.24%, 1, 0, 10, 2342.29, 4072685, 1049
1796, 5, 621, 735, 490, 0, 23.24%, 1, 0, 10, 2457.59, 4085743, 1049
1801, 5, 668, 735, 490, 0, 23.24%, 1, 0, 10, 2459.77, 4098520, 1049
1806, 5, 5, 735, 490, 0, 23.24%, 1, 0, 10, 2343.86, 4110018, 1049
1811, 5, 554, 735, 490, 0, 23.24%, 1, 0, 10, 2064.00, 4120453, 1049
1816, 5, 729, 735, 490, 0, 23.24%, 1, 0, 10, 2359.19, 4133128, 1049
1821, 5, 112, 735, 490, 0, 23.24%, 1, 0, 10, 2410.23, 4145429, 1049
1827, 5, 472, 735, 490, 0, 23.24%, 1, 0, 10, 2360.73, 4157938, 1049
1832, 5, 729, 735, 490, 0, 23.24%, 1, 0, 10, 2147.96, 4168868, 1049
1837, 5, 174, 735, 490, 0, 23.24%, 1, 0, 10, 2321.72, 4181143, 1049
1842, 5, 207, 735, 490, 0, 23.24%, 1, 0, 10, 2062.49, 4191088, 1049
1847, 5, 174, 735, 488, 0, 23.24%, 1, 0, 10, 2401.61, 4203547, 1049
1852, 5, 452, 735, 488, 0, 23.24%, 1, 0, 10, 2372.41, 4215614, 1049
1857, 5, 2, 737, 490, 0, 23.24%, 1, 0, 10, 2471.37, 4228035, 1049
1863, 5, 554, 737, 490, 0, 23.24%, 1, 0, 10, 2381.67, 4240306, 1049
1868, 5, 43, 737, 490, 0, 23.24%, 1, 0, 10, 2399.56, 4252925, 1049
1873, 5, 174, 737, 489, 0, 23.24%, 1, 0, 10, 2100.69, 4263062, 1049
1878, 5, 43, 738, 490, 0, 23.24%, 1, 0, 10, 2309.95, 4275350, 1049
1883, 5, 729, 739, 491, 0, 23.24%, 1, 0, 10, 2385.65, 4287323, 1049
1888, 5, 5, 739, 491, 0, 23.24%, 1, 0, 10, 2151.20, 4298551, 1049
1893, 5, 43, 739, 491, 0, 23.24%, 1, 0, 10, 2220.18, 4309576, 1049
1898, 5, 43, 741, 491, 1, 23.24%, 1, 0, 10, 2488.03, 4322733, 1049
1903, 5, 739, 741, 491, 1, 23.24%, 1, 0, 10, 2392.79, 4334574, 1049
1908, 5, 686, 741, 490, 0, 23.24%, 1, 0, 10, 2510.92, 4347811, 1049
1914, 5, 174, 741, 490, 0, 23.24%, 1, 0, 10, 2493.43, 4360223, 1049
1919, 5, 43, 741, 490, 0, 23.24%, 1, 0, 10, 2145.70, 4371331, 1049
1924, 5, 1, 741, 490, 0, 23.24%, 1, 0, 10, 1827.09, 4380041, 1049
1929, 5, 65, 741, 490, 0, 23.24%, 1, 0, 10, 2062.47, 4390770, 1049
1934, 5, 668, 741, 490, 0, 23.24%, 1, 0, 10, 2183.20, 4402354, 1049
1939, 5, 526, 741, 490, 0, 23.24%, 1, 0, 10, 2521.24, 4415768, 1049
1944, 5, 574, 741, 490, 0, 23.24%, 1, 0, 10, 2468.16, 4428560, 1049
1949, 5, 636, 741, 490, 0, 23.24%, 1, 0, 10, 2388.04, 4440879, 1049
1955, 5, 468, 741, 489, 0, 23.24%, 1, 0, 10, 2301.09, 4452667, 1049
1960, 5, 632, 741, 489, 0, 23.24%, 1, 0, 10, 2495.61, 4465768, 1049
1965, 5, 43, 741, 489, 0, 23.24%, 1, 0, 10, 2264.60, 4476419, 1049
1970, 5, 65, 741, 489, 0, 23.24%, 1, 0, 10, 2328.41, 4488377, 1049
1975, 5, 65, 741, 489, 0, 23.24%, 1, 0, 10, 2322.79, 4500146, 1049
1980, 5, 621, 741, 488, 0, 23.24%, 1, 0, 10, 2299.49, 4512058, 1049
1985, 5, 468, 742, 489, 0, 23.24%, 1, 0, 10, 2136.33, 4522450, 1049
1990, 5, 676, 742, 489, 0, 23.24%, 1, 0, 10, 2259.47, 4533960, 1049
1995, 5, 65, 742, 488, 0, 23.24%, 1, 0, 10, 2196.56, 4544826, 1049
2001, 5, 1, 742, 488, 0, 23.24%, 1, 0, 10, 2200.47, 4556067, 1049
2006, 5, 638, 742, 487, 0, 23.24%, 1, 0, 10, 2278.78, 4567716, 1049
2011, 5, 43, 742, 487, 0, 23.24%, 1, 0, 10, 2328.93, 4579492, 1049
2016, 5, 80, 742, 486, 0, 23.24%, 1, 0, 10, 2465.02, 4592304, 1049
2021, 5, 379, 742, 486, 0, 23.24%, 1, 0, 10, 2481.25, 4605026, 1049
2026, 5, 65, 744, 485, 0, 23.24%, 1, 0, 10, 2402.43, 4616585, 1049
2031, 5, 551, 744, 485, 0, 23.24%, 1, 0, 10, 2523.04, 4629744, 1049
2036, 5, 43, 744, 485, 0, 23.24%, 1, 0, 10, 2445.05, 4642134, 1049
2041, 5, 174, 744, 484, 0, 23.24%, 1, 0, 10, 2339.02, 4654039, 1049
2047, 5, 468, 744, 484, 0, 23.24%, 1, 0, 10, 2119.82, 4665515, 1049
2052, 5, 668, 745, 485, 0, 23.24%, 1, 0, 10, 1825.24, 4674181, 1049
2057, 5, 43, 745, 485, 0, 23.24%, 1, 0, 10, 1566.42, 4680972, 1049
2062, 5, 65, 746, 486, 0, 23.24%, 1, 0, 10, 1909.70, 4690960, 1049
2067, 5, 554, 746, 486, 0, 23.24%, 1, 0, 10, 1950.98, 4701213, 1049
2072, 5, 739, 746, 486, 0, 23.24%, 1, 0, 10, 2027.24, 4711542, 1049
2077, 5, 637, 746, 486, 0, 23.24%, 1, 0, 10, 2252.38, 4723203, 1049
2082, 5, 668, 746, 486, 0, 23.24%, 1, 0, 10, 2213.52, 4734172, 1049
2087, 5, 65, 746, 485, 0, 23.24%, 1, 0, 10, 2126.23, 4744133, 1049
2092, 5, 43, 746, 485, 0, 23.24%, 1, 0, 10, 2250.79, 4755575, 1049
2097, 5, 174, 746, 485, 0, 23.24%, 1, 0, 10, 2106.60, 4766114, 1049
2103, 5, 18, 746, 485, 0, 23.24%, 1, 0, 10, 2308.48, 4778033, 1049
2108, 6, 65, 746, 485, 0, 23.24%, 1, 0, 10, 2276.54, 4789322, 1049
2113, 6, 65, 746, 485, 0, 23.24%, 1, 0, 10, 2345.87, 4801570, 1049
2118, 6, 43, 746, 485, 0, 23.24%, 1, 0, 10, 2185.89, 4812055, 1049
2123, 6, 174, 746, 484, 0, 23.24%, 1, 0, 10, 2382.65, 4824640, 1049
2128, 6, 156, 746, 483, 0, 23.24%, 1, 0, 10, 2402.64, 4836986, 1049
2133, 6, 65, 747, 484, 0, 23.24%, 1, 0, 10, 2271.74, 4848621, 1049
2138, 6, 554, 747, 484, 0, 23.24%, 1, 0, 10, 2301.40, 4860020, 1049
2144, 6, 747, 751, 488, 1, 23.33%, 1, 0, 10, 2103.98, 4870789, 1053
2149, 6, 747, 752, 489, 1, 23.33%, 1, 0, 10, 2165.58, 4881603, 1053
2154, 6, 747, 752, 489, 1, 23.33%, 1, 0, 10, 2292.61, 4893339, 1053
2159, 6, 468, 752, 488, 3, 23.33%, 1, 0, 10, 2354.81, 4905189, 1053
2164, 6, 749, 752, 487, 2, 23.33%, 1, 0, 10, 2307.49, 4916774, 1053
2169, 6, 137, 752, 486, 1, 23.33%, 1, 0, 10, 2239.31, 4928163, 1053
2174, 6, 750, 752, 486, 1, 23.33%, 1, 0, 10, 2221.08, 4940161, 1053
2179, 6, 65, 752, 485, 0, 23.33%, 1, 0, 10, 2345.33, 4951827, 1053
2184, 6, 706, 752, 485, 0, 23.33%, 1, 0, 10, 2317.96, 4963799, 1053
2189, 6, 174, 752, 484, 0, 23.33%, 1, 0, 10, 2360.38, 4975976, 1053
2195, 6, 174, 752, 484, 0, 23.33%, 1, 0, 10, 2157.07, 4987215, 1053
2200, 6, 468, 752, 483, 0, 23.33%, 1, 0, 10, 2049.80, 4997828, 1053
2205, 6, 65, 753, 484, 0, 23.33%, 1, 0, 10, 1842.07, 5007289, 1053
2210, 6, 144, 753, 483, 0, 23.33%, 1, 0, 10, 1928.67, 5017005, 1053
2215, 6, 130, 753, 482, 0, 23.33%, 1, 0, 10, 2044.87, 5027588, 1053
2220, 6, 174, 753, 481, 0, 23.33%, 1, 0, 10, 2139.13, 5038880, 1053
2225, 6, 543, 753, 481, 0, 23.33%, 1, 0, 10, 2098.22, 5049673, 1053
2230, 6, 98, 753, 480, 0, 23.33%, 1, 0, 10, 2272.83, 5061255, 1053
2235, 6, 652, 753, 480, 0, 23.33%, 1, 0, 10, 2176.36, 5072980, 1053
2241, 6, 65, 753, 480, 0, 23.33%, 1, 0, 10, 2358.15, 5085319, 1053
2246, 6, 43, 753, 480, 0, 23.33%, 1, 0, 10, 2241.40, 5096945, 1053
2251, 6, 468, 753, 480, 0, 23.33%, 1, 0, 10, 2190.40, 5108306, 1053
2256, 6, 174, 753, 480, 0, 23.33%, 1, 0, 10, 2236.76, 5119794, 1053
2261, 6, 229, 753, 480, 0, 23.33%, 1, 0, 10, 2208.75, 5131309, 1053
2266, 6, 65, 753, 480, 0, 23.33%, 1, 0, 10, 2019.82, 5141521, 1053
2272, 6, 323, 754, 481, 0, 23.33%, 1, 0, 10, 2361.93, 5154277, 1053
2277, 6, 144, 754, 481, 0, 23.33%, 1, 0, 10, 2457.43, 5167076, 1053
2282, 6, 174, 754, 481, 0, 23.33%, 1, 0, 10, 2350.92, 5179118, 1053
2287, 6, 574, 754, 481, 0, 23.33%, 1, 0, 10, 2191.40, 5190074, 1053
2292, 6, 554, 754, 481, 0, 23.33%, 1, 0, 10, 2210.32, 5201030, 1053
2297, 6, 3, 754, 481, 0, 23.33%, 1, 0, 10, 2103.50, 5211775, 1053
2302, 6, 174, 754, 481, 0, 23.33%, 1, 0, 10, 2210.49, 5223602, 1053
2307, 6, 472, 754, 480, 0, 23.33%, 1, 0, 10, 2293.59, 5235623, 1053
2312, 6, 65, 754, 480, 0, 23.33%, 1, 0, 10, 1998.28, 5245857, 1053
2318, 6, 729, 754, 480, 0, 23.33%, 1, 0, 10, 1859.05, 5257182, 1053
2323, 6, 729, 754, 479, 0, 23.33%, 1, 0, 10, 2254.85, 5269083, 1053
2328, 6, 452, 754, 479, 0, 23.33%, 1, 0, 10, 1957.08, 5279442, 1053
2333, 6, 595, 754, 479, 0, 23.33%, 1, 0, 10, 2458.16, 5292515, 1053
2338, 6, 554, 754, 479, 0, 23.33%, 1, 0, 10, 2416.84, 5304410, 1053
2343, 6, 3, 754, 479, 0, 23.33%, 1, 0, 10, 2498.10, 5317529, 1053
2348, 6, 249, 754, 479, 0, 23.33%, 1, 0, 10, 2480.81, 5329992, 1053
2353, 6, 554, 754, 479, 0, 23.33%, 1, 0, 10, 2437.96, 5342088, 1053
2359, 6, 686, 754, 479, 0, 23.33%, 1, 0, 10, 2361.95, 5354367, 1053
2364, 6, 554, 754, 479, 0, 23.33%, 1, 0, 10, 2412.94, 5367225, 1053
2369, 6, 43, 754, 479, 0, 23.33%, 1, 0, 10, 2531.49, 5380103, 1053
2374, 6, 468, 755, 479, 0, 23.33%, 1, 0, 10, 2346.89, 5391885, 1053
2379, 6, 174, 755, 478, 0, 23.33%, 1, 0, 10, 2216.21, 5403297, 1053
2384, 6, 335, 755, 478, 0, 23.33%, 1, 0, 10, 2286.76, 5414983, 1053
2389, 6, 468, 755, 478, 0, 23.33%, 1, 0, 10, 2354.03, 5426987, 1053
2395, 6, 65, 755, 478, 0, 23.33%, 1, 0, 10, 2185.55, 5438261, 1053
2400, 6, 62, 755, 478, 0, 23.33%, 1, 0, 10, 2245.32, 5450069, 1053
2405, 6, 668, 755, 478, 0, 23.33%, 1, 0, 10, 1968.99, 5459655, 1053
2410, 6, 174, 756, 479, 0, 23.33%, 1, 0, 10, 1929.80, 5469122, 1053
2415, 6, 229, 756, 479, 0, 23.33%, 1, 0, 10, 2054.41, 5479855, 1053
2420, 6, 580, 756, 479, 0, 23.33%, 1, 0, 10, 2000.07, 5489612, 1053
2425, 6, 65, 756, 478, 0, 23.33%, 1, 0, 10, 2168.85, 5500967, 1053
2430, 6, 554, 756, 478, 0, 23.33%, 1, 0, 10, 2181.31, 5512368, 1053
2436, 6, 668, 756, 478, 0, 23.33%, 1, 0, 10, 2241.01, 5523800, 1053
2441, 6, 229, 756, 477, 0, 23.33%, 1, 0, 10, 2297.09, 5535303, 1053
2446, 6, 43, 756, 477, 0, 23.33%, 1, 0, 10, 2035.20, 5545602, 1053
2451, 6, 452, 756, 477, 0, 23.33%, 1, 0, 10, 2105.61, 5555948, 1053
2456, 6, 65, 756, 477, 0, 23.33%, 1, 0, 10, 2244.48, 5567874, 1053
2461, 7, 554, 756, 477, 0, 23.33%, 1, 0, 10, 2174.96, 5578393, 1053
2466, 7, 65, 756, 476, 0, 23.33%, 1, 0, 10, 2184.73, 5589898, 1053
2471, 7, 168, 757, 477, 0, 23.33%, 1, 0, 10, 2245.17, 5601445, 1053
2477, 7, 660, 757, 477, 0, 23.33%, 1, 0, 10, 2470.53, 5614360, 1053
2482, 7, 65, 757, 477, 0, 23.33%, 1, 0, 10, 2433.87, 5626563, 1053
2487, 7, 554, 758, 478, 1, 23.33%, 1, 0, 10, 2338.86, 5638395, 1053
2492, 7, 174, 758, 476, 0, 23.33%, 1, 0, 10, 2147.93, 5649327, 1053
2497, 7, 3, 758, 476, 0, 23.33%, 1, 0, 10, 2234.32, 5661177, 1053
2502, 7, 1, 758, 476, 0, 23.33%, 1, 0, 10, 2169.09, 5672117, 1053
2507, 7, 174, 758, 476, 0, 23.33%, 1, 0, 10, 2103.62, 5682343, 1053
2512, 7, 65, 759, 477, 0, 23.33%, 1, 0, 10, 2220.13, 5693836, 1053
2517, 7, 468, 759, 476, 0, 23.33%, 1, 0, 10, 2080.77, 5704721, 1053
2522, 7, 65, 759, 475, 0, 23.33%, 1, 0, 10, 2025.14, 5714746, 1053
2527, 7, 229, 759, 474, 0, 23.33%, 1, 0, 10, 2300.37, 5726394, 1053
2532, 7, 174, 759, 474, 0, 23.33%, 1, 0, 10, 2298.01, 5738153, 1053
2538, 7, 526, 759, 474, 0, 23.33%, 1, 0, 10, 2278.66, 5750053, 1053
2543, 7, 621, 759, 474, 0, 23.33%, 1, 0, 10, 2172.64, 5760907, 1053
2548, 7, 757, 759, 474, 0, 23.33%, 1, 0, 10, 2437.35, 5773641, 1053
2553, 7, 668, 759, 473, 0, 23.33%, 1, 0, 10, 2220.94, 5784958, 1053
2558, 7, 250, 759, 473, 0, 23.33%, 1, 0, 10, 2176.83, 5796262, 1053
2563, 7, 98, 759, 472, 0, 23.33%, 1, 0, 10, 2174.97, 5807395, 1053
2568, 7, 225, 759, 471, 0, 23.33%, 1, 0, 10, 2220.66, 5819119, 1053
2573, 7, 668, 759, 471, 0, 23.33%, 1, 0, 10, 2052.26, 5829325, 1053
2578, 7, 595, 759, 471, 0, 23.33%, 1, 0, 10, 2056.92, 5839639, 1053
2583, 7, 1, 760, 472, 0, 23.33%, 1, 0, 10, 2245.57, 5850973, 1053
2588, 7, 65, 760, 472, 0, 23.33%, 1, 0, 10, 2199.02, 5862244, 1053
2594, 7, 43, 760, 472, 0, 23.33%, 1, 0, 10, 2456.40, 5875039, 1053
2599, 7, 1, 760, 472, 0, 23.33%, 1, 0, 10, 2326.64, 5887360, 1053
2604, 7, 65, 760, 471, 0, 23.33%, 1, 0, 10, 2331.12, 5899787, 1053
2609, 7, 43, 760, 471, 0, 23.33%, 1, 0, 10, 2094.68, 5910243, 1053
2614, 7, 85, 760, 471, 0, 23.33%, 1, 0, 10, 2057.67, 5920850, 1053
2620, 7, 668, 760, 470, 0, 23.33%, 1, 0, 10, 2077.52, 5931888, 1053
2625, 7, 43, 760, 470, 0, 23.33%, 1, 0, 10, 2126.61, 5942904, 1053
2630, 7, 174, 761, 471, 0, 23.33%, 1, 0, 10, 2165.91, 5954446, 1053
2635, 7, 621, 762, 472, 0, 23.33%, 1, 0, 10, 2358.84, 5966869, 1053
2640, 7, 65, 762, 472, 0, 23.33%, 1, 0, 10, 2301.47, 5978985, 1053
2645, 7, 65, 762, 471, 0, 23.33%, 1, 0, 10, 2369.11, 5991110, 1053
2650, 7, 43, 762, 471, 0, 23.33%, 1, 0, 10, 2277.53, 6002480, 1053
2656, 7, 472, 762, 471, 0, 23.33%, 1, 0, 10, 2073.38, 6013182, 1053
2661, 7, 174, 762, 471, 0, 23.33%, 1, 0, 10, 1945.17, 6022868, 1053
2666, 7, 443, 762, 471, 0, 23.33%, 1, 0, 10, 2245.07, 6034979, 1053
2671, 7, 174, 762, 471, 0, 23.33%, 1, 0, 10, 2279.44, 6046792, 1053
2676, 7, 43, 763, 471, 0, 23.33%, 1, 0, 10, 2270.17, 6057989, 1053
2681, 7, 689, 763, 471, 0, 23.33%, 1, 0, 10, 2451.69, 6070810, 1053
2686, 7, 65, 763, 471, 0, 23.33%, 1, 0, 10, 2481.97, 6083377, 1053
2692, 7, 65, 763, 469, 0, 23.33%, 1, 0, 10, 2411.42, 6095884, 1053
2697, 7, 3, 763, 469, 0, 23.33%, 1, 0, 10, 2378.36, 6107964, 1053
2702, 7, 526, 763, 469, 0, 23.33%, 1, 0, 10, 2279.79, 6119341, 1053
2707, 7, 5, 763, 469, 0, 23.33%, 1, 0, 10, 2382.43, 6131459, 1053
2712, 7, 65, 763, 469, 0, 23.33%, 1, 0, 10, 2074.19, 6142121, 1053
2717, 7, 174, 763, 468, 0, 23.33%, 1, 0, 10, 2256.20, 6154022, 1053
2722, 7, 65, 763, 468, 0, 23.33%, 1, 0, 10, 2210.92, 6165263, 1053
2728, 7, 668, 763, 468, 0, 23.33%, 1, 0, 10, 2284.95, 6177507, 1053
2733, 7, 468, 763, 468, 0, 23.33%, 1, 0, 10, 2270.34, 6189271, 1053
2738, 7, 65, 763, 467, 0, 23.33%, 1, 0, 10, 2141.66, 6199983, 1053
2743, 7, 107, 763, 467, 0, 23.33%, 1, 0, 10, 2089.38, 6210710, 1053
2748, 7, 65, 763, 467, 0, 23.33%, 1, 0, 10, 2154.27, 6221236, 1053
2753, 7, 43, 763, 467, 0, 23.33%, 1, 0, 10, 2151.84, 6232188, 1053
2758, 7, 65, 763, 467, 0, 23.33%, 1, 0, 10, 2460.78, 6244854, 1053
2763, 7, 395, 763, 467, 0, 23.33%, 1, 0, 10, 2376.52, 6257054, 1053
2768, 7, 668, 763, 466, 0, 23.33%, 1, 0, 10, 2049.88, 6266871, 1053
2773, 7, 65, 763, 466, 0, 23.33%, 1, 0, 10, 2114.93, 6277750, 1053
2779, 7, 65, 763, 466, 0, 23.33%, 1, 0, 10, 2064.59, 6288010, 1053
2784, 7, 440, 763, 465, 0, 23.33%, 1, 0, 10, 2062.84, 6298653, 1053
2789, 7, 729, 763, 465, 0, 23.33%, 1, 0, 10, 2237.19, 6310294, 1053
2794, 7, 181, 763, 463, 0, 23.33%, 1, 0, 10, 2257.95, 6322186, 1053
2799, 7, 263, 763, 462, 0, 23.33%, 1, 0, 10, 2174.52, 6333052, 1053
2804, 8, 65, 763, 462, 0, 23.33%, 1, 0, 10, 2170.66, 6343849, 1053
2809, 8, 65, 763, 462, 0, 23.33%, 1, 0, 10, 2287.08, 6355446, 1053
2814, 8, 43, 763, 462, 0, 23.33%, 1, 0, 10, 1316.13, 6365328, 1053
2820, 8, 174, 763, 462, 0, 23.33%, 1, 0, 10, 2128.95, 6376988, 1053
2825, 8, 291, 763, 462, 0, 23.33%, 1, 0, 10, 2226.72, 6388874, 1053
2830, 8, 45, 763, 462, 0, 23.33%, 1, 0, 10, 2277.71, 6400377, 1053
2835, 8, 468, 763, 462, 0, 23.33%, 1, 0, 10, 2290.11, 6411805, 1053
2840, 8, 554, 763, 462, 0, 23.33%, 1, 0, 10, 2421.26, 6424603, 1053
2845, 8, 43, 763, 462, 0, 23.33%, 1, 0, 10, 2308.29, 6436422, 1053
2851, 8, 526, 763, 462, 0, 23.33%, 1, 0, 10, 2393.96, 6448912, 1053
2856, 8, 595, 764, 463, 0, 23.33%, 1, 0, 10, 2240.88, 6460007, 1053
2861, 8, 65, 764, 463, 0, 23.33%, 1, 0, 10, 2213.17, 6471492, 1053
2866, 8, 65, 764, 463, 0, 23.33%, 1, 0, 10, 2361.63, 6483573, 1053
2871, 8, 65, 764, 463, 0, 23.33%, 1, 0, 10, 2404.91, 6495585, 1053
2876, 8, 621, 764, 463, 0, 23.33%, 1, 0, 10, 2496.46, 6508377, 1053
2881, 8, 595, 764, 462, 0, 23.33%, 1, 0, 10, 2619.94, 6522119, 1053
2886, 8, 554, 764, 462, 0, 23.33%, 1, 0, 10, 2448.97, 6534598, 1053
2891, 8, 393, 764, 462, 0, 23.33%, 1, 0, 10, 2351.84, 6546511, 1053
2897, 8, 43, 764, 462, 0, 23.33%, 1, 0, 10, 2233.78, 6557836, 1053
2902, 8, 686, 764, 462, 0, 23.33%, 1, 0, 10, 2284.68, 6569377, 1053
2907, 8, 711, 764, 462, 0, 23.33%, 1, 0, 10, 2254.10, 6580548, 1053
2912, 8, 65, 764, 462, 0, 23.33%, 1, 0, 10, 2140.08, 6591335, 1053
2917, 8, 65, 764, 462, 0, 23.33%, 1, 0, 10, 2338.32, 6603372, 1053
2922, 8, 700, 764, 462, 0, 23.33%, 1, 0, 10, 2286.57, 6615668, 1053
2927, 8, 729, 765, 463, 0, 23.33%, 1, 0, 10, 2235.10, 6627052, 1053
2932, 8, 729, 765, 463, 0, 23.33%, 1, 0, 10, 2105.19, 6637696, 1053
2937, 8, 137, 765, 463, 0, 23.33%, 1, 0, 10, 2168.95, 6648322, 1053
2942, 8, 43, 765, 463, 0, 23.33%, 1, 0, 10, 2309.97, 6660862, 1053
2948, 8, 468, 766, 464, 0, 23.33%, 1, 0, 10, 2353.17, 6673107, 1053
2953, 8, 678, 766, 464, 0, 23.33%, 1, 0, 10, 2427.21, 6685554, 1053
2958, 8, 1, 766, 464, 0, 23.33%, 1, 0, 10, 2314.55, 6697137, 1053
2963, 8, 43, 766, 464, 0, 23.33%, 1, 0, 10, 2052.16, 6707316, 1053
2968, 8, 518, 766, 464, 0, 23.33%, 1, 0, 10, 2251.18, 6718977, 1053
2973, 8, 65, 766, 464, 0, 23.33%, 1, 0, 10, 2275.78, 6730564, 1053
2978, 8, 468, 766, 464, 0, 23.33%, 1, 0, 10, 2301.03, 6742370, 1053
2983, 8, 77, 766, 464, 0, 23.33%, 1, 0, 10, 2367.67, 6754233, 1053
2988, 8, 729, 766, 462, 0, 23.33%, 1, 0, 10, 2376.97, 6766460, 1053
2993, 8, 729, 766, 462, 0, 23.33%, 1, 0, 10, 2282.82, 6778112, 1053
2999, 8, 43, 766, 462, 0, 23.33%, 1, 0, 10, 2172.34, 6789111, 1053
3004, 8, 174, 766, 462, 0, 23.33%, 1, 0, 10, 2053.20, 6799268, 1053
3009, 8, 150, 766, 462, 0, 23.33%, 1, 0, 10, 2208.91, 6810724, 1053
3014, 8, 729, 766, 462, 0, 23.33%, 1, 0, 10, 2289.28, 6821962, 1053
3019, 8, 749, 766, 462, 0, 23.33%, 1, 0, 10, 2315.05, 6833873, 1053
3024, 8, 43, 767, 461, 0, 23.33%, 1, 0, 10, 2341.46, 6845819, 1053
3029, 8, 65, 767, 461, 0, 23.33%, 1, 0, 10, 2215.08, 6857164, 1053
3034, 8, 65, 767, 460, 0, 23.33%, 1, 0, 10, 2194.81, 6868151, 1053
3039, 8, 43, 767, 460, 0, 23.33%, 1, 0, 10, 2153.10, 6879273, 1053
3045, 8, 43, 767, 460, 0, 23.33%, 1, 0, 10, 2202.15, 6890777, 1053
3050, 8, 767, 769, 461, 1, 23.33%, 1, 0, 10, 2496.83, 6903955, 1053
3055, 8, 768, 769, 460, 1, 23.33%, 1, 0, 10, 2497.71, 6916626, 1053
3060, 8, 554, 769, 459, 0, 23.33%, 1, 0, 10, 2458.10, 6928928, 1053
3065, 8, 65, 769, 459, 0, 23.33%, 1, 0, 10, 2388.45, 6941471, 1053
3070, 8, 65, 769, 459, 0, 23.33%, 1, 0, 10, 2143.80, 6952035, 1053
3075, 8, 249, 769, 459, 0, 23.33%, 1, 0, 10, 2224.15, 6963657, 1053
3080, 8, 554, 769, 459, 0, 23.33%, 1, 0, 10, 2362.24, 6975310, 1053
3085, 8, 43, 769, 459, 0, 23.33%, 1, 0, 10, 2237.65, 6986584, 1053
3090, 8, 768, 769, 459, 0, 23.33%, 1, 0, 10, 2436.56, 6998667, 1053
3095, 8, 174, 769, 459, 0, 23.33%, 1, 0, 10, 2436.22, 7010891, 1053
3100, 8, 3, 769, 459, 0, 23.33%, 1, 0, 10, 2260.98, 7022413, 1053
3105, 8, 150, 769, 459, 0, 23.33%, 1, 0, 10, 2217.15, 7033954, 1053
3111, 8, 37, 769, 459, 0, 23.33%, 1, 0, 10, 2380.56, 7046402, 1053
3116, 8, 768, 769, 459, 0, 23.33%, 1, 0, 10, 2308.44, 7058149, 1053
3121, 8, 729, 770, 460, 0, 23.33%, 1, 0, 10, 2206.05, 7069845, 1053
3126, 8, 554, 770, 460, 0, 23.33%, 1, 0, 10, 2515.09, 7083040, 1053
3131, 8, 554, 770, 460, 0, 23.33%, 1, 0, 10, 2381.21, 7094771, 1053
3136, 8, 174, 770, 460, 0, 23.33%, 1, 0, 10, 2137.52, 7105498, 1053
3141, 8, 768, 770, 460, 0, 23.33%, 1, 0, 10, 1983.84, 7115262, 1053
3147, 8, 249, 770, 460, 0, 23.33%, 1, 0, 10, 2152.44, 7126333, 1053
3152, 9, 81, 770, 460, 0, 23.33%, 1, 0, 10, 2160.97, 7137851, 1053
3157, 9, 65, 770, 460, 0, 23.33%, 1, 0, 10, 2118.90, 7148610, 1053
3162, 9, 174, 770, 460, 0, 23.33%, 1, 0, 10, 2153.12, 7159738, 1053
3167, 9, 750, 770, 460, 0, 23.33%, 1, 0, 10, 2192.87, 7171051, 1053
3172, 9, 554, 770, 460, 0, 23.33%, 1, 0, 10, 2317.71, 7182842, 1053
3178, 9, 468, 770, 460, 0, 23.33%, 1, 0, 10, 2387.69, 7194819, 1053
3183, 9, 65, 771, 461, 0, 23.33%, 1, 0, 10, 2436.43, 7207456, 1053
3188, 9, 144, 771, 461, 0, 23.33%, 1, 0, 10, 2327.65, 7219692, 1053
3193, 9, 43, 771, 461, 0, 23.33%, 1, 0, 10, 2248.86, 7231483, 1053
3198, 9, 43, 771, 461, 0, 23.33%, 1, 0, 10, 2203.23, 7242855, 1053
3203, 9, 81, 771, 461, 0, 23.33%, 1, 0, 10, 2444.92, 7255573, 1053
3209, 9, 43, 771, 461, 0, 23.33%, 1, 0, 10, 2185.88, 7265621, 1053
3214, 9, 65, 771, 460, 0, 23.33%, 1, 0, 10, 2096.33, 7276506, 1053
3219, 9, 65, 771, 460, 0, 23.33%, 1, 0, 10, 2321.76, 7288869, 1053
3224, 9, 65, 772, 461, 0, 23.33%, 1, 0, 10, 2299.44, 7300829, 1053
3229, 9, 43, 772, 461, 0, 23.33%, 1, 0, 10, 2359.08, 7312634, 1053
3234, 9, 526, 772, 460, 0, 23.33%, 1, 0, 10, 2512.39, 7325735, 1053
3239, 9, 174, 772, 460, 0, 23.33%, 1, 0, 10, 2080.90, 7335850, 1053
3244, 9, 636, 772, 460, 0, 23.33%, 1, 0, 10, 2232.51, 7347675, 1053
3250, 9, 750, 772, 460, 0, 23.33%, 1, 0, 10, 2105.94, 7358775, 1053
3255, 9, 554, 772, 460, 0, 23.33%, 1, 0, 10, 2032.51, 7368738, 1053
3260, 9, 554, 772, 459, 0, 23.33%, 1, 0, 10, 2081.54, 7379410, 1053
3265, 9, 768, 772, 459, 0, 23.33%, 1, 0, 10, 2112.73, 7390516, 1053
3270, 9, 554, 772, 459, 0, 23.33%, 1, 0, 10, 2145.58, 7400771, 1053
3275, 9, 144, 772, 459, 0, 23.33%, 1, 0, 10, 1806.82, 7410418, 1053
3280, 9, 468, 772, 459, 0, 23.33%, 1, 0, 10, 1735.67, 7418623, 1053
3285, 9, 468, 772, 458, 0, 23.33%, 1, 0, 10, 1912.03, 7428666, 1053
3290, 9, 768, 772, 458, 0, 23.33%, 1, 0, 10, 2014.93, 7438876, 1053
3296, 9, 526, 772, 458, 0, 23.33%, 1, 0, 10, 2182.74, 7450088, 1053
3301, 9, 621, 772, 458, 0, 23.33%, 1, 0, 10, 1915.82, 7459027, 1053
3306, 9, 174, 772, 458, 0, 23.33%, 1, 0, 10, 2042.69, 7469347, 1053
3311, 9, 43, 772, 458, 0, 23.33%, 1, 0, 10, 2002.43, 7479275, 1053
3316, 9, 65, 773, 459, 2, 23.33%, 1, 0, 10, 2013.09, 7489484, 1053
3321, 9, 774, 775, 459, 2, 23.33%, 1, 0, 10, 2384.00, 7501935, 1053
3326, 9, 174, 775, 458, 1, 23.33%, 1, 0, 10, 2357.42, 7513557, 1053
3331, 9, 174, 775, 457, 0, 23.33%, 1, 0, 10, 2305.78, 7524778, 1053
3336, 9, 79, 775, 456, 0, 23.33%, 1, 0, 10, 2399.23, 7536971, 1053
3341, 9, 3, 775, 456, 0, 23.33%, 1, 0, 10, 2419.48, 7549652, 1053
3346, 9, 65, 775, 456, 0, 23.33%, 1, 0, 10, 2289.47, 7561054, 1053
3351, 9, 554, 775, 456, 0, 23.33%, 1, 0, 10, 2310.40, 7572667, 1053
3357, 9, 468, 775, 456, 0, 23.33%, 1, 0, 10, 2313.40, 7584102, 1053
3362, 9, 768, 775, 456, 0, 23.33%, 1, 0, 10, 2354.71, 7596084, 1053
3367, 9, 768, 775, 456, 0, 23.33%, 1, 0, 10, 2377.51, 7608102, 1053
3372, 9, 43, 775, 455, 0, 23.33%, 1, 0, 10, 2280.93, 7619301, 1053
3377, 9, 689, 776, 456, 0, 23.33%, 1, 0, 10, 2179.21, 7630535, 1053
3382, 9, 440, 777, 457, 0, 23.33%, 1, 0, 10, 2255.95, 7641890, 1053
3387, 9, 65, 777, 457, 0, 23.33%, 1, 0, 10, 2114.12, 7652605, 1053
3392, 9, 554, 778, 458, 0, 23.33%, 1, 0, 10, 2000.32, 7662619, 1053
3397, 9, 768, 778, 457, 0, 23.33%, 1, 0, 10, 2064.94, 7672879, 1053
3402, 9, 263, 778, 457, 0, 23.33%, 1, 0, 10, 2089.56, 7683924, 1053
3407, 9, 595, 778, 457, 0, 23.33%, 1, 0, 10, 2081.45, 7694125, 1053
3412, 9, 468, 778, 457, 0, 23.33%, 1, 0, 10, 2191.76, 7705610, 1053
3418, 9, 358, 778, 457, 0, 23.33%, 1, 0, 10, 2196.29, 7717332, 1053
3423, 9, 554, 778, 456, 0, 23.33%, 1, 0, 10, 2106.01, 7728424, 1053
3428, 9, 526, 778, 455, 0, 23.33%, 1, 0, 10, 2341.91, 7740664, 1053
3433, 9, 468, 778, 455, 0, 23.33%, 1, 0, 10, 2232.21, 7752458, 1053
3438, 9, 235, 779, 456, 1, 23.33%, 1, 0, 10, 2116.28, 7763377, 1053
3444, 9, 225, 780, 453, 0, 23.33%, 1, 0, 10, 2303.12, 7775570, 1053
3449, 9, 621, 780, 453, 0, 23.33%, 1, 0, 10, 2058.92, 7786092, 1053
3454, 9, 43, 780, 453, 0, 23.33%, 1, 0, 10, 2121.04, 7797273, 1053
3459, 9, 174, 780, 453, 0, 23.33%, 1, 0, 10, 2179.58, 7808787, 1053
3464, 9, 768, 780, 452, 0, 23.33%, 1, 0, 10, 2309.05, 7820535, 1053
3469, 9, 174, 780, 452, 0, 23.33%, 1, 0, 10, 2373.55, 7832800, 1053
3474, 9, 65, 780, 452, 0, 23.33%, 1, 0, 10, 2293.97, 7844053, 1053
3479, 9, 768, 780, 452, 0, 23.33%, 1, 0, 10, 2094.49, 7854872, 1053
3485, 9, 554, 780, 452, 0, 23.33%, 1, 0, 10, 2359.53, 7867339, 1053
3490, 9, 621, 780, 452, 0, 23.33%, 1, 0, 10, 2052.05, 7878171, 1053
3495, 9, 43, 780, 452, 0, 23.33%, 1, 0, 10, 2273.65, 7890170, 1053
3500, 9, 1, 780, 452, 0, 23.33%, 1, 0, 10, 2373.40, 7902540, 1053
3505, 9, 43, 780, 452, 0, 23.33%, 1, 0, 10, 2373.36, 7914442, 1053
3510, 9, 81, 780, 452, 0, 23.33%, 1, 0, 10, 2142.94, 7925575, 1053
3516, 9, 119, 780, 452, 0, 23.33%, 1, 0, 10, 2262.32, 7937453, 1053
3521, 10, 43, 780, 452, 0, 23.33%, 1, 0, 10, 2351.73, 7949526, 1053
3526, 10, 150, 781, 453, 0, 23.33%, 1, 0, 10, 2262.36, 7961485, 1053
3531, 10, 539, 781, 453, 0, 23.33%, 1, 0, 10, 2266.93, 7973119, 1053
3536, 10, 748, 781, 453, 0, 23.33%, 1, 0, 10, 2347.89, 7985610, 1053
3541, 10, 526, 782, 453, 0, 23.33%, 1, 0, 10, 1985.72, 7995004, 1053
3546, 10, 43, 782, 453, 0, 23.33%, 1, 0, 10, 2042.42, 8005331, 1053
3551, 10, 1, 782, 453, 0, 23.33%, 1, 0, 10, 2061.65, 8015615, 1053
3557, 10, 209, 782, 453, 0, 23.33%, 1, 0, 10, 2189.74, 8026869, 1053
3562, 10, 554, 782, 452, 0, 23.33%, 1, 0, 10, 2174.15, 8038188, 1053
3567, 10, 3, 782, 452, 0, 23.33%, 1, 0, 10, 2206.50, 8049638, 1053
3572, 10, 65, 782, 452, 0, 23.33%, 1, 0, 10, 2047.13, 8059681, 1053
3577, 10, 595, 782, 452, 0, 23.33%, 1, 0, 10, 2106.62, 8070732, 1053
3582, 10, 468, 782, 452, 0, 23.33%, 1, 0, 10, 2027.88, 8080753, 1053
3587, 10, 65, 782, 452, 0, 23.33%, 1, 0, 10, 2021.47, 8091306, 1053
3592, 10, 65, 782, 452, 0, 23.33%, 1, 0, 10, 2060.96, 8101814, 1053
3598, 10, 174, 782, 452, 0, 23.33%, 1, 0, 10, 2346.07, 8114082, 1053
3603, 10, 174, 782, 452, 0, 23.33%, 1, 0, 10, 2201.09, 8125428, 1053
3608, 10, 1, 782, 451, 0, 23.33%, 1, 0, 10, 2168.99, 8136088, 1053
3613, 10, 291, 782, 449, 0, 23.33%, 1, 0, 10, 2031.23, 8146136, 1053
3618, 10, 43, 783, 450, 0, 23.33%, 1, 0, 11, 2175.77, 8157326, 1053
3623, 10, 595, 783, 449, 0, 23.33%, 1, 0, 11, 2231.90, 8168439, 1053
3628, 10, 65, 783, 449, 0, 23.33%, 1, 0, 11, 2112.23, 8178805, 1053
3633, 10, 153, 783, 449, 0, 23.33%, 1, 0, 11, 2009.20, 8189146, 1053
3638, 10, 174, 783, 449, 0, 23.33%, 1, 0, 11, 2310.03, 8201113, 1053
3644, 10, 43, 783, 449, 0, 23.33%, 1, 0, 11, 2362.33, 8213556, 1053
3649, 10, 515, 783, 449, 0, 23.33%, 1, 0, 11, 2430.20, 8226169, 1053
3654, 10, 541, 783, 449, 0, 23.33%, 1, 0, 11, 2476.44, 8239110, 1053
3659, 10, 43, 783, 449, 0, 23.33%, 1, 0, 11, 2477.83, 8252152, 1053
3664, 10, 774, 783, 449, 0, 23.33%, 1, 0, 11, 2508.70, 8265197, 1053
3670, 10, 174, 783, 449, 0, 23.33%, 1, 0, 11, 2515.55, 8278281, 1053
3675, 10, 553, 783, 449, 0, 23.33%, 1, 0, 11, 2515.28, 8290942, 1053
3680, 10, 757, 783, 449, 0, 23.33%, 1, 0, 11, 2339.49, 8302667, 1053
3685, 10, 197, 783, 449, 0, 23.33%, 1, 0, 11, 2475.71, 8315520, 1053
3690, 10, 174, 783, 449, 0, 23.33%, 1, 0, 11, 2411.63, 8327517, 1053
3695, 10, 2, 783, 449, 0, 23.33%, 1, 0, 11, 2419.66, 8339634, 1053
3700, 10, 768, 784, 450, 0, 23.33%, 1, 0, 11, 2356.88, 8352048, 1053
3705, 10, 555, 784, 450, 0, 23.33%, 1, 0, 11, 2418.72, 8364576, 1053
3710, 10, 768, 784, 449, 0, 23.33%, 1, 0, 11, 2404.19, 8376993, 1053
3715, 10, 1, 785, 450, 0, 23.33%, 1, 0, 11, 2451.73, 8389717, 1053
3721, 10, 768, 785, 450, 0, 23.33%, 1, 0, 11, 2437.54, 8402298, 1053
3726, 10, 768, 785, 449, 0, 23.33%, 1, 0, 11, 2466.89, 8414757, 1053
3731, 10, 65, 785, 448, 0, 23.33%, 1, 0, 11, 2358.61, 8427202, 1053
3736, 10, 768, 785, 448, 0, 23.33%, 1, 0, 11, 2478.83, 8440229, 1053
3741, 10, 65, 785, 447, 0, 23.33%, 1, 0, 11, 2457.49, 8452807, 1053
3746, 10, 65, 785, 446, 0, 23.33%, 1, 0, 11, 2479.42, 8465713, 1053
3752, 10, 43, 785, 446, 0, 23.33%, 1, 0, 11, 2385.79, 8478114, 1053
3757, 10, 174, 786, 447, 0, 23.33%, 1, 0, 11, 2452.00, 8490734, 1053
3762, 10, 526, 786, 447, 0, 23.33%, 1, 0, 11, 2484.90, 8503186, 1053
3767, 10, 43, 786, 447, 0, 23.33%, 1, 0, 11, 2548.31, 8516457, 1053
3772, 10, 411, 786, 447, 0, 23.33%, 1, 0, 11, 2513.60, 8529354, 1053
3777, 10, 468, 786, 447, 0, 23.33%, 1, 0, 11, 2491.39, 8542308, 1053
3783, 10, 43, 786, 446, 0, 23.33%, 1, 0, 11, 2501.94, 8555244, 1053
3788, 10, 729, 786, 446, 0, 23.33%, 1, 0, 11, 2441.51, 8567512, 1053
3793, 10, 65, 786, 446, 0, 23.33%, 1, 0, 11, 2513.32, 8580501, 1053
3798, 10, 554, 786, 446, 0, 23.33%, 1, 0, 11, 2499.33, 8593411, 1053
3803, 10, 750, 786, 446, 0, 23.33%, 1, 0, 11, 2421.34, 8605974, 1053
3808, 10, 768, 786, 446, 0, 23.33%, 1, 0, 11, 2287.67, 8617283, 1053
3813, 10, 65, 786, 446, 0, 23.33%, 1, 0, 11, 2020.88, 8627075, 1053
3818, 10, 65, 786, 446, 0, 23.33%, 1, 0, 11, 2073.05, 8638090, 1053
3823, 10, 43, 786, 446, 0, 23.33%, 1, 0, 11, 2011.90, 8648056, 1053
3829, 10, 65, 786, 445, 0, 23.33%, 1, 0, 11, 2070.07, 8658993, 1053
3834, 10, 65, 786, 444, 0, 23.33%, 1, 0, 11, 2161.58, 8670152, 1053
3839, 10, 65, 786, 444, 0, 23.33%, 1, 0, 11, 2220.68, 8681794, 1053
3844, 10, 595, 786, 444, 0, 23.33%, 1, 0, 11, 2003.86, 8691972, 1053
3849, 10, 1, 786, 444, 0, 23.33%, 1, 0, 11, 2170.16, 8703779, 1053
3855, 10, 43, 786, 443, 0, 23.33%, 1, 0, 11, 2313.30, 8715974, 1053
3860, 10, 768, 786, 443, 0, 23.33%, 1, 0, 11, 2324.74, 8727446, 1053
3865, 10, 452, 786, 443, 0, 23.33%, 1, 0, 11, 696.95, 8737834, 1053
3870, 10, 174, 786, 443, 0, 23.33%, 1, 0, 11, 1446.23, 8745747, 1053
3875, 10, 153, 786, 443, 0, 23.33%, 1, 0, 11, 1805.61, 8754870, 1053
3880, 11, 443, 786, 443, 0, 23.33%, 1, 0, 11, 2075.10, 8765796, 1053
3885, 11, 335, 786, 442, 0, 23.33%, 1, 0, 11, 2191.20, 8776799, 1053
3890, 11, 554, 786, 442, 0, 23.33%, 1, 0, 11, 2128.21, 8787787, 1053
3895, 11, 676, 786, 442, 0, 23.33%, 1, 0, 11, 2214.74, 8799172, 1053
3901, 11, 1, 787, 443, 0, 23.33%, 1, 0, 11, 2312.02, 8811654, 1053
3906, 11, 65, 787, 443, 0, 23.33%, 1, 0, 11, 2111.75, 8822263, 1053
3911, 11, 729, 787, 443, 0, 23.33%, 1, 0, 11, 2157.01, 8833576, 1053
3916, 11, 65, 787, 443, 0, 23.33%, 1, 0, 11, 2170.91, 8844974, 1053
3921, 11, 768, 787, 443, 0, 23.33%, 1, 0, 11, 2083.87, 8855408, 1053
3926, 11, 43, 787, 443, 0, 23.33%, 1, 0, 11, 2092.02, 8865684, 1053
3931, 11, 174, 787, 442, 0, 23.33%, 1, 0, 11, 1975.66, 8876056, 1053
3937, 11, 119, 787, 442, 0, 23.33%, 1, 0, 11, 2086.20, 8886661, 1053
3942, 11, 729, 787, 441, 0, 23.33%, 1, 0, 11, 2037.77, 8897189, 1053
3947, 11, 553, 787, 440, 0, 23.33%, 1, 0, 11, 2017.19, 8907700, 1053
3952, 11, 768, 787, 440, 0, 23.33%, 1, 0, 11, 2042.99, 8918052, 1053
3957, 11, 63, 787, 440, 0, 23.33%, 1, 0, 11, 2019.90, 8928017, 1053
3962, 11, 468, 787, 439, 0, 23.33%, 1, 0, 11, 1974.77, 8938459, 1053
3967, 11, 65, 787, 439, 0, 23.33%, 1, 0, 11, 2029.33, 8949034, 1053
3972, 11, 539, 787, 439, 0, 23.33%, 1, 0, 11, 1968.77, 8958907, 1053
3977, 11, 633, 787, 439, 0, 23.33%, 1, 0, 11, 2135.99, 8969846, 1053
3982, 11, 595, 787, 438, 0, 23.33%, 1, 0, 11, 2242.35, 8981363, 1053
3988, 11, 65, 787, 438, 0, 23.33%, 1, 0, 11, 2261.84, 8993341, 1053
3993, 11, 43, 788, 439, 0, 23.33%, 1, 0, 11, 2161.03, 9004206, 1053
3998, 11, 1, 788, 438, 0, 23.33%, 1, 0, 11, 2185.52, 9015409, 1053
4003, 11, 65, 788, 437, 0, 23.33%, 1, 0, 11, 2248.76, 9027285, 1053
4008, 11, 443, 788, 437, 0, 23.33%, 1, 0, 11, 2148.78, 9038345, 1053
4013, 11, 281, 788, 437, 0, 23.33%, 1, 0, 11, 2035.20, 9048655, 1053
4018, 11, 130, 788, 437, 0, 23.33%, 1, 0, 11, 2093.81, 9059250, 1053
4024, 11, 45, 788, 437, 0, 23.33%, 1, 0, 11, 2019.22, 9069779, 1053
4029, 11, 65, 788, 437, 0, 23.33%, 1, 0, 11, 2127.35, 9080822, 1053
4034, 11, 65, 788, 436, 0, 23.33%, 1, 0, 11, 2184.11, 9091757, 1053
4039, 11, 43, 788, 436, 0, 23.33%, 1, 0, 11, 2209.43, 9103170, 1053
4044, 11, 281, 788, 436, 0, 23.33%, 1, 0, 11, 2024.01, 9113290, 1053
4049, 11, 729, 788, 436, 0, 23.33%, 1, 0, 11, 2066.29, 9123973, 1053
4054, 11, 526, 788, 436, 0, 23.33%, 1, 0, 11, 2062.13, 9134601, 1053
4059, 11, 144, 788, 436, 0, 23.33%, 1, 0, 11, 2106.92, 9145126, 1053
4064, 11, 595, 788, 436, 0, 23.33%, 1, 0, 11, 2035.49, 9155268, 1053
4070, 11, 3, 788, 436, 0, 23.33%, 1, 0, 11, 2155.14, 9166478, 1053
4075, 11, 43, 788, 436, 0, 23.33%, 1, 0, 11, 2019.92, 9176700, 1053
4080, 11, 768, 788, 436, 0, 23.33%, 1, 0, 11, 2034.13, 9186976, 1053
4085, 11, 788, 790, 438, 1, 23.33%, 1, 0, 11, 2222.45, 9198164, 1053
4090, 11, 788, 793, 441, 1, 23.33%, 1, 0, 11, 2219.29, 9209508, 1053
4095, 11, 768, 793, 440, 0, 23.33%, 1, 0, 11, 2151.25, 9220798, 1053
4100, 11, 43, 793, 440, 0, 23.33%, 1, 0, 11, 2155.99, 9231971, 1053
4106, 11, 65, 793, 440, 0, 23.33%, 1, 0, 11, 2101.00, 9243178, 1053
4111, 11, 468, 793, 440, 0, 23.33%, 1, 0, 11, 1995.12, 9253389, 1053
4116, 11, 468, 793, 440, 0, 23.33%, 1, 0, 11, 1985.89, 9262854, 1053
4121, 11, 642, 793, 440, 0, 23.33%, 1, 0, 11, 2297.41, 9275176, 1053
4126, 11, 65, 793, 440, 0, 23.33%, 1, 0, 11, 2208.95, 9286735, 1053
4131, 11, 767, 793, 440, 0, 23.33%, 1, 0, 11, 2264.25, 9298295, 1053
4136, 11, 788, 793, 440, 0, 23.33%, 1, 0, 11, 2186.52, 9309204, 1053
4141, 11, 686, 793, 440, 0, 23.33%, 1, 0, 11, 2262.14, 9320766, 1053
4146, 11, 65, 793, 440, 0, 23.33%, 1, 0, 11, 2019.32, 9330602, 1053
4151, 11, 554, 793, 440, 0, 23.33%, 1, 0, 11, 2165.07, 9341713, 1053
4157, 11, 43, 794, 440, 0, 23.33%, 1, 0, 11, 2362.52, 9354255, 1053
4162, 11, 79, 794, 440, 0, 23.33%, 1, 0, 11, 2208.56, 9365332, 1053
4167, 11, 65, 794, 439, 0, 23.33%, 1, 0, 11, 2174.53, 9376608, 1053
4172, 11, 174, 794, 439, 0, 23.33%, 1, 0, 11, 2132.84, 9387296, 1053
4177, 11, 65, 794, 439, 0, 23.33%, 1, 0, 11, 2027.36, 9397358, 1053
4182, 11, 636, 794, 439, 0, 23.33%, 1, 0, 11, 2111.18, 9408213, 1053
4187, 11, 277, 794, 439, 0, 23.33%, 1, 0, 11, 2002.94, 9418285, 1053
4192, 11, 174, 794, 439, 0, 23.33%, 1, 0, 11, 2090.78, 9429004, 1053
4197, 11, 621, 794, 439, 0, 23.33%, 1, 0, 11, 2241.49, 9440608, 1053
4202, 11, 65, 794, 439, 0, 23.33%, 1, 0, 11, 2303.68, 9452219, 1053
4207, 11, 65, 794, 439, 0, 23.33%, 1, 0, 11, 2033.65, 9461885, 1053
4212, 11, 98, 794, 439, 0, 23.33%, 1, 0, 11, 2183.60, 9472734, 1053
4217, 11, 2, 794, 439, 0, 23.33%, 1, 0, 11, 2014.40, 9482495, 1053
4223, 11, 595, 794, 439, 0, 23.33%, 1, 0, 11, 2079.74, 9493110, 1053
4228, 11, 554, 794, 439, 0, 23.33%, 1, 0, 11, 2055.86, 9503552, 1053
4233, 11, 323, 794, 439, 0, 23.33%, 1, 0, 11, 2156.08, 9514994, 1053
4238, 11, 38, 794, 438, 0, 23.33%, 1, 0, 11, 2150.44, 9525739, 1053
4243, 11, 43, 794, 437, 0, 23.33%, 1, 0, 11, 2314.78, 9537891, 1053
4248, 11, 1, 794, 437, 0, 23.33%, 1, 0, 11, 2221.16, 9549094, 1053
4253, 11, 174, 795, 437, 0, 23.33%, 1, 0, 11, 2061.77, 9559704, 1053
4259, 11, 43, 795, 437, 0, 23.33%, 1, 0, 11, 1953.07, 9569838, 1053
4264, 12, 65, 795, 437, 0, 23.33%, 1, 0, 11, 2287.88, 9582290, 1053
4269, 12, 3, 795, 437, 0, 23.33%, 1, 0, 11, 1552.34, 9592028, 1053
4274, 12, 43, 795, 436, 0, 23.33%, 1, 0, 11, 1971.22, 9603181, 1053
4279, 12, 686, 795, 435, 0, 23.33%, 1, 0, 11, 2028.33, 9613522, 1053
4284, 12, 526, 795, 435, 0, 23.33%, 1, 0, 11, 2108.25, 9624252, 1053
4289, 12, 43, 795, 435, 0, 23.33%, 1, 0, 11, 2057.18, 9634559, 1053
4294, 12, 65, 795, 433, 0, 23.33%, 1, 0, 11, 2008.74, 9644849, 1053
4299, 12, 468, 795, 433, 0, 23.33%, 1, 0, 11, 1937.71, 9654390, 1053
4305, 12, 174, 795, 433, 0, 23.33%, 1, 0, 11, 2002.05, 9664960, 1053
4310, 12, 468, 795, 433, 0, 23.33%, 1, 0, 11, 2138.20, 9675896, 1053
4315, 12, 747, 795, 433, 0, 23.33%, 1, 0, 11, 2192.00, 9687211, 1053
4320, 12, 65, 795, 432, 0, 23.33%, 1, 0, 11, 1764.94, 9695238, 1053
4325, 12, 112, 795, 432, 0, 23.33%, 1, 0, 11, 1985.00, 9705358, 1053
4330, 12, 174, 795, 432, 0, 23.33%, 1, 0, 11, 2017.40, 9715709, 1053
4335, 12, 43, 795, 432, 0, 23.33%, 1, 0, 11, 2202.80, 9727045, 1053
4340, 12, 468, 795, 432, 0, 23.33%, 1, 0, 11, 2056.69, 9737594, 1053
4346, 12, 43, 795, 432, 0, 23.33%, 1, 0, 11, 2052.82, 9748060, 1053
4351, 12, 621, 795, 432, 0, 23.33%, 1, 0, 11, 2138.14, 9758669, 1053
4356, 12, 2, 795, 432, 0, 23.33%, 1, 0, 11, 2180.07, 9770239, 1053
4361, 12, 515, 795, 432, 0, 23.33%, 1, 0, 11, 1993.26, 9779614, 1053
4366, 12, 788, 795, 431, 0, 23.33%, 1, 0, 11, 2017.11, 9789969, 1053
4371, 12, 621, 795, 431, 0, 23.33%, 1, 0, 11, 2321.22, 9801985, 1053
4376, 12, 174, 795, 431, 0, 23.33%, 1, 0, 11, 2294.70, 9813494, 1053
4381, 12, 43, 795, 431, 0, 23.33%, 1, 0, 11, 2315.36, 9824999, 1053
4386, 12, 729, 795, 431, 0, 23.33%, 1, 0, 11, 2322.87, 9836590, 1053
4391, 12, 65, 795, 431, 0, 23.33%, 1, 0, 11, 2214.10, 9847153, 1053
4396, 12, 526, 795, 431, 0, 23.33%, 1, 0, 11, 2287.02, 9858750, 1053
4401, 12, 144, 795, 431, 0, 23.33%, 1, 0, 11, 2282.74, 9870091, 1053
4406, 12, 729, 795, 431, 0, 23.33%, 1, 0, 11, 2201.22, 9881263, 1053
4412, 12, 108, 795, 431, 0, 23.33%, 1, 0, 11, 2303.25, 9893250, 1053
4417, 12, 311, 795, 431, 0, 23.33%, 1, 0, 11, 2263.39, 9904593, 1053
4422, 12, 174, 796, 432, 0, 23.33%, 1, 0, 11, 2183.70, 9914858, 1053
4427, 12, 768, 796, 432, 0, 23.33%, 1, 0, 11, 2215.25, 9926210, 1053
4432, 12, 174, 796, 432, 0, 23.33%, 1, 0, 11, 2326.90, 9938235, 1053
4437, 12, 156, 797, 432, 0, 23.35%, 1, 0, 11, 2416.55, 9950687, 1054
4442, 12, 65, 797, 432, 0, 23.35%, 1, 0, 11, 2418.90, 9963143, 1054
4448, 12, 43, 797, 432, 0, 23.35%, 1, 0, 11, 2320.34, 9975278, 1054
4453, 12, 526, 797, 432, 0, 23.35%, 1, 0, 11, 2290.34, 9986569, 1054
4458, 12, 43, 797, 432, 0, 23.35%, 1, 0, 11, 2263.97, 9998493, 1054
4463, 12, 678, 797, 432, 0, 23.35%, 1, 0, 11, 2263.45, 10010118, 1054
4468, 12, 65, 797, 432, 0, 23.35%, 1, 0, 11, 2325.38, 10022126, 1054
4473, 12, 468, 797, 431, 0, 23.35%, 1, 0, 11, 2311.82, 10033708, 1054
4478, 12, 768, 797, 431, 0, 23.35%, 1, 0, 11, 2311.98, 10046046, 1054
4484, 12, 326, 797, 431, 0, 23.35%, 1, 0, 11, 2274.61, 10057484, 1054
4489, 12, 43, 797, 431, 0, 23.35%, 1, 0, 11, 2209.67, 10068291, 1054
4494, 12, 768, 797, 431, 0, 23.35%, 1, 0, 11, 2148.45, 10079471, 1054
4499, 12, 767, 797, 431, 0, 23.35%, 1, 0, 11, 2091.42, 10090513, 1054
4504, 12, 729, 797, 431, 0, 23.35%, 1, 0, 11, 2207.61, 10101869, 1054
4509, 12, 65, 797, 431, 0, 23.35%, 1, 0, 11, 2204.21, 10113468, 1054
4514, 12, 323, 797, 430, 0, 23.35%, 1, 0, 11, 2276.47, 10125088, 1054
4519, 12, 43, 797, 430, 0, 23.35%, 1, 0, 11, 2254.29, 10136253, 1054
4525, 12, 241, 797, 429, 0, 23.35%, 1, 0, 11, 2406.00, 10149019, 1054
4530, 12, 144, 797, 428, 0, 23.35%, 1, 0, 11, 2431.56, 10161203, 1054
4535, 12, 468, 797, 428, 0, 23.35%, 1, 0, 11, 2341.08, 10172781, 1054
4540, 12, 1, 797, 428, 0, 23.35%, 1, 0, 11, 2328.32, 10184794, 1054
4545, 12, 729, 797, 427, 0, 23.35%, 1, 0, 11, 2397.11, 10197408, 1054
4550, 12, 43, 797, 427, 0, 23.35%, 1, 0, 11, 2236.97, 10208586, 1054
4555, 12, 788, 797, 427, 0, 23.35%, 1, 0, 11, 2341.39, 10220875, 1054
4560, 12, 554, 797, 427, 0, 23.35%, 1, 0, 11, 2315.23, 10232671, 1054
4565, 12, 65, 797, 427, 0, 23.35%, 1, 0, 11, 2223.59, 10243927, 1054
4570, 12, 768, 797, 427, 0, 23.35%, 1, 0, 11, 2095.66, 10254703, 1054
4575, 12, 153, 797, 426, 0, 23.35%, 1, 0, 11, 2280.35, 10266660, 1054
4581, 12, 65, 797, 426, 0, 23.35%, 1, 0, 11, 2200.89, 10277645, 1054
4586, 12, 43, 797, 426, 0, 23.35%, 1, 0, 11, 2263.91, 10289231, 1054
4591, 12, 750, 797, 425, 0, 23.35%, 1, 0, 11, 2313.86, 10301373, 1054
4596, 12, 621, 797, 425, 0, 23.35%, 1, 0, 11, 2198.16, 10312342, 1054
4601, 12, 174, 797, 425, 0, 23.35%, 1, 0, 11, 2154.79, 10323544, 1054
4606, 12, 174, 797, 425, 0, 23.35%, 1, 0, 11, 2065.42, 10333736, 1054
4611, 12, 518, 797, 425, 0, 23.35%, 1, 0, 11, 2208.02, 10344866, 1054
4616, 12, 768, 797, 425, 0, 23.35%, 1, 0, 11, 2115.58, 10355735, 1054
4622, 12, 65, 797, 425, 0, 23.35%, 1, 0, 11, 2195.92, 10367070, 1054
4627, 13, 621, 797, 425, 0, 23.35%, 1, 0, 11, 2259.75, 10378877, 1054
4632, 13, 65, 797, 425, 0, 23.35%, 1, 0, 11, 2258.20, 10390120, 1054
4637, 13, 43, 797, 425, 0, 23.35%, 1, 0, 11, 2295.93, 10402036, 1054
4642, 13, 724, 798, 426, 0, 23.35%, 1, 0, 11, 2296.97, 10413432, 1054
4647, 13, 554, 798, 423, 0, 23.35%, 1, 0, 11, 2237.31, 10424758, 1054
4652, 13, 768, 798, 423, 0, 23.35%, 1, 0, 11, 2140.92, 10435382, 1054
4657, 13, 43, 798, 423, 0, 23.35%, 1, 0, 11, 2152.92, 10446279, 1054
4662, 13, 174, 798, 423, 0, 23.35%, 1, 0, 11, 2257.05, 10458273, 1054
4667, 13, 153, 798, 423, 0, 23.35%, 1, 0, 11, 2216.83, 10469474, 1054
4672, 13, 468, 798, 423, 0, 23.35%, 1, 0, 11, 2154.22, 10480801, 1054
4678, 13, 410, 798, 422, 0, 23.35%, 1, 0, 11, 2042.23, 10490985, 1054
4683, 13, 43, 798, 422, 0, 23.35%, 1, 0, 11, 2182.29, 10502580, 1054
4688, 13, 65, 798, 422, 0, 23.35%, 1, 0, 11, 2022.23, 10512516, 1054
4693, 13, 43, 798, 422, 0, 23.35%, 1, 0, 11, 2269.84, 10524258, 1054
4698, 13, 768, 798, 421, 0, 23.35%, 1, 0, 11, 2364.64, 10536534, 1054
4703, 13, 3, 798, 421, 0, 23.35%, 1, 0, 11, 2188.72, 10547087, 1054
4708, 13, 43, 798, 421, 0, 23.35%, 1, 0, 11, 2247.93, 10558260, 1054
4713, 13, 768, 798, 421, 0, 23.35%, 1, 0, 11, 2185.98, 10569694, 1054
4718, 13, 768, 798, 421, 0, 23.35%, 1, 0, 11, 2222.86, 10580900, 1054
4723, 13, 768, 798, 421, 0, 23.35%, 1, 0, 11, 2071.96, 10591212, 1054
4729, 13, 65, 798, 421, 0, 23.35%, 1, 0, 11, 2025.49, 10601659, 1054
4734, 13, 468, 798, 421, 0, 23.35%, 1, 0, 11, 2034.50, 10611915, 1054
4739, 13, 144, 798, 421, 0, 23.35%, 1, 0, 11, 2056.62, 10622624, 1054
4744, 13, 65, 798, 421, 0, 23.35%, 1, 0, 11, 2221.15, 10633908, 1054
4749, 13, 768, 798, 421, 0, 23.35%, 1, 0, 11, 2411.41, 10646120, 1054
4754, 13, 174, 798, 421, 0, 23.35%, 1, 0, 11, 2190.82, 10656328, 1054
4759, 13, 468, 798, 420, 0, 23.35%, 1, 0, 11, 2330.28, 10668244, 1054
4764, 13, 468, 798, 420, 0, 23.35%, 1, 0, 11, 2209.84, 10679833, 1054
4769, 13, 768, 798, 420, 0, 23.35%, 1, 0, 11, 2067.27, 10690187, 1054
4775, 13, 139, 798, 420, 0, 23.35%, 1, 0, 11, 2175.95, 10701315, 1054
4780, 13, 65, 799, 421, 0, 23.35%, 1, 0, 11, 2192.01, 10712594, 1054
4785, 13, 43, 799, 421, 0, 23.35%, 1, 0, 11, 2189.62, 10723377, 1054
4790, 13, 318, 799, 421, 0, 23.35%, 1, 0, 11, 2163.93, 10733912, 1054
4795, 13, 65, 799, 421, 0, 23.35%, 1, 0, 11, 2288.79, 10745457, 1054
4800, 13, 768, 799, 421, 0, 23.35%, 1, 0, 11, 2250.72, 10756983, 1054
4805, 13, 513, 800, 422, 0, 23.35%, 1, 0, 11, 2246.20, 10768494, 1054
4810, 13, 554, 800, 422, 0, 23.35%, 1, 0, 11, 2230.46, 10779524, 1054
4815, 13, 526, 800, 422, 0, 23.35%, 1, 0, 11, 2100.59, 10789551, 1054
4820, 13, 43, 800, 422, 0, 23.35%, 1, 0, 11, 2277.12, 10801560, 1054
4825, 13, 65, 800, 422, 0, 23.35%, 1, 0, 11, 2233.87, 10812483, 1054
4831, 13, 1, 800, 422, 0, 23.35%, 1, 0, 11, 2280.03, 10824682, 1054
4836, 13, 153, 800, 422, 0, 23.35%, 1, 0, 11, 2132.87, 10835099, 1054
4841, 13, 768, 800, 422, 0, 23.35%, 1, 0, 11, 2031.75, 10845222, 1054
4846, 13, 729, 800, 422, 0, 23.35%, 1, 0, 11, 1935.45, 10854778, 1054
4851, 13, 526, 800, 421, 0, 23.35%, 1, 0, 11, 2149.08, 10866009, 1054
4856, 13, 554, 800, 421, 0, 23.35%, 1, 0, 11, 2336.65, 10878065, 1054
4861, 13, 156, 800, 421, 0, 23.35%, 1, 0, 11, 2184.06, 10889199, 1054
4866, 13, 554, 800, 421, 0, 23.35%, 1, 0, 11, 2020.27, 10899335, 1054
4871, 13, 526, 800, 421, 0, 23.35%, 1, 0, 11, 2019.54, 10909725, 1054
4876, 13, 348, 800, 421, 0, 23.35%, 1, 0, 11, 1921.91, 10919258, 1054
4882, 13, 65, 800, 420, 0, 23.35%, 1, 0, 11, 2115.25, 10930302, 1054
4887, 13, 768, 800, 420, 0, 23.35%, 1, 0, 11, 2090.51, 10941011, 1054
4892, 13, 399, 801, 420, 0, 23.35%, 1, 0, 11, 2173.84, 10952665, 1054
4897, 13, 768, 801, 420, 0, 23.35%, 1, 0, 11, 2224.34, 10964031, 1054
4902, 13, 801, 803, 422, 1, 23.35%, 1, 0, 11, 2054.41, 10974328, 1054
4907, 13, 65, 804, 422, 0, 23.35%, 1, 0, 11, 1961.85, 10984121, 1054
4912, 13, 686, 804, 422, 0, 23.35%, 1, 0, 11, 2096.80, 10995051, 1054
4917, 13, 554, 804, 422, 0, 23.35%, 1, 0, 11, 2242.44, 11006157, 1054
4923, 13, 174, 804, 422, 0, 23.35%, 1, 0, 11, 2231.45, 11017532, 1054
4928, 13, 65, 804, 422, 0, 23.35%, 1, 0, 11, 2280.98, 11029064, 1054
4933, 13, 686, 804, 421, 0, 23.35%, 1, 0, 11, 2193.32, 11040819, 1054
4938, 13, 621, 804, 421, 0, 23.35%, 1, 0, 11, 2118.66, 11051581, 1054
4943, 13, 569, 804, 421, 0, 23.35%, 1, 0, 11, 2183.50, 11062553, 1054
4948, 13, 65, 804, 420, 0, 23.35%, 1, 0, 11, 2091.91, 11073569, 1054
4953, 13, 750, 804, 419, 0, 23.35%, 1, 0, 11, 2113.60, 11084592, 1054
4958, 13, 797, 804, 419, 0, 23.35%, 1, 0, 11, 2206.36, 11095789, 1054
4963, 13, 174, 804, 419, 0, 23.35%, 1, 0, 11, 2040.10, 11106734, 1054
4968, 13, 768, 804, 417, 0, 23.35%, 1, 0, 11, 2063.44, 11117093, 1054
4974, 13, 554, 804, 417, 0, 23.35%, 1, 0, 11, 2105.20, 11128042, 1054
4979, 13, 768, 804, 416, 0, 23.35%, 1, 0, 11, 2273.04, 11139996, 1054
4984, 13, 468, 804, 415, 0, 23.35%, 1, 0, 11, 2135.80, 11150361, 1054
4989, 13, 174, 804, 415, 0, 23.35%, 1, 0, 11, 2167.95, 11161566, 1054
4994, 13, 90, 804, 415, 0, 23.35%, 1, 0, 11, 2209.97, 11172885, 1054
4999, 13, 107, 804, 415, 0, 23.35%, 1, 0, 11, 2238.58, 11184648, 1054
5004, 13, 526, 804, 415, 0, 23.35%, 1, 0, 11, 2149.10, 11195439, 1054
5009, 14, 674, 804, 415, 0, 23.35%, 1, 0, 11, 2120.17, 11206412, 1054
5015, 14, 468, 804, 414, 0, 23.35%, 1, 0, 11, 2121.57, 11217433, 1054
5020, 14, 174, 804, 414, 0, 23.35%, 1, 0, 11, 2081.15, 11227918, 1054
5025, 14, 768, 804, 414, 0, 23.35%, 1, 0, 11, 2133.37, 11238975, 1054
5030, 14, 768, 805, 414, 0, 23.35%, 1, 0, 11, 2233.63, 11250594, 1054
5035, 14, 43, 805, 414, 0, 23.35%, 1, 0, 11, 2301.68, 11262673, 1054
5040, 14, 768, 805, 414, 0, 23.35%, 1, 0, 11, 2137.41, 11272999, 1054
5045, 14, 174, 805, 414, 0, 23.35%, 1, 0, 11, 2105.92, 11283471, 1054
5050, 14, 621, 805, 414, 0, 23.35%, 1, 0, 11, 2206.46, 11295055, 1054
5055, 14, 595, 805, 414, 0, 23.35%, 1, 0, 11, 2132.54, 11305658, 1054
5061, 14, 48, 805, 414, 0, 23.35%, 1, 0, 11, 2384.41, 11318087, 1054
5066, 14, 426, 806, 415, 0, 23.35%, 1, 0, 11, 2400.42, 11330665, 1054
5071, 14, 43, 806, 414, 0, 23.35%, 1, 0, 11, 2249.71, 11342073, 1054
5076, 14, 768, 806, 414, 0, 23.35%, 1, 0, 11, 2106.67, 11352804, 1054
5081, 14, 143, 806, 414, 0, 23.35%, 1, 0, 11, 2101.13, 11363561, 1054
5086, 14, 468, 806, 414, 0, 23.35%, 1, 0, 11, 1904.36, 11373107, 1054
5091, 14, 65, 806, 414, 0, 23.35%, 1, 0, 11, 1984.38, 11383457, 1054
5096, 14, 65, 806, 413, 0, 23.35%, 1, 0, 11, 2068.11, 11394592, 1054
5101, 14, 43, 806, 413, 0, 23.35%, 1, 0, 11, 2024.36, 11404626, 1054
5107, 14, 43, 806, 413, 0, 23.35%, 1, 0, 11, 2187.79, 11415962, 1054
5112, 14, 335, 806, 413, 0, 23.35%, 1, 0, 11, 2181.87, 11426967, 1054
5117, 14, 797, 806, 413, 0, 23.35%, 1, 0, 11, 2131.52, 11438149, 1054
5122, 14, 46, 806, 413, 0, 23.35%, 1, 0, 11, 2278.48, 11450147, 1054
5127, 14, 768, 806, 413, 0, 23.35%, 1, 0, 11, 2107.46, 11461101, 1054
5132, 14, 595, 806, 413, 0, 23.35%, 1, 0, 11, 2034.64, 11471218, 1054
5138, 14, 65, 806, 413, 0, 23.35%, 1, 0, 11, 2187.90, 11482726, 1054
5143, 14, 174, 806, 413, 0, 23.35%, 1, 0, 11, 2048.20, 11492907, 1054
5148, 14, 526, 806, 413, 0, 23.35%, 1, 0, 11, 2102.56, 11503342, 1054
5153, 14, 729, 806, 413, 0, 23.35%, 1, 0, 11, 2154.05, 11514367, 1054
5158, 14, 689, 806, 413, 0, 23.35%, 1, 0, 11, 2198.46, 11525789, 1054
5163, 14, 554, 806, 413, 0, 23.35%, 1, 0, 11, 2198.32, 11536766, 1054
5168, 14, 595, 806, 413, 0, 23.35%, 1, 0, 11, 2291.83, 11548927, 1054
5173, 14, 595, 806, 413, 0, 23.35%, 1, 0, 11, 2087.41, 11559373, 1054
5178, 14, 621, 806, 413, 0, 23.35%, 1, 0, 11, 2144.24, 11570330, 1054
5184, 14, 768, 806, 412, 0, 23.35%, 1, 0, 11, 2433.08, 11583134, 1054
5189, 14, 621, 806, 411, 0, 23.35%, 1, 0, 11, 2431.95, 11595858, 1054
5194, 14, 229, 806, 411, 0, 23.35%, 1, 0, 11, 2183.76, 11607034, 1054
5199, 14, 150, 806, 411, 0, 23.35%, 1, 0, 11, 2118.64, 11618017, 1054
5204, 14, 307, 806, 411, 0, 23.35%, 1, 0, 11, 2060.00, 11628159, 1054
5209, 14, 65, 806, 411, 0, 23.35%, 1, 0, 11, 2219.24, 11639393, 1054
5215, 14, 678, 806, 411, 0, 23.35%, 1, 0, 11, 2082.37, 11650376, 1054
5220, 14, 174, 806, 411, 0, 23.35%, 1, 0, 11, 2036.91, 11660914, 1054
5225, 14, 551, 806, 411, 0, 23.35%, 1, 0, 11, 1989.72, 11671221, 1054
5230, 14, 554, 806, 410, 0, 23.35%, 1, 0, 11, 2107.57, 11682184, 1054
5235, 14, 174, 806, 410, 0, 23.35%, 1, 0, 11, 2061.53, 11692376, 1054
5240, 14, 81, 806, 410, 0, 23.35%, 1, 0, 11, 2027.34, 11702125, 1054
5245, 14, 309, 806, 410, 0, 23.35%, 1, 0, 11, 1940.97, 11712183, 1054
5250, 14, 48, 806, 410, 0, 23.35%, 1, 0, 11, 1737.35, 11720215, 1054
5255, 14, 65, 806, 410, 0, 23.35%, 1, 0, 11, 2046.38, 11730780, 1054
5260, 14, 554, 806, 410, 0, 23.35%, 1, 0, 11, 2103.70, 11741438, 1054
5265, 14, 768, 806, 410, 0, 23.35%, 1, 0, 11, 2049.48, 11751940, 1054
5270, 14, 788, 806, 410, 0, 23.35%, 1, 0, 11, 1911.09, 11760924, 1054
5276, 14, 65, 806, 410, 0, 23.35%, 1, 0, 11, 2263.13, 11772749, 1054
5281, 14, 554, 806, 410, 0, 23.35%, 1, 0, 11, 2369.44, 11784805, 1054
5286, 14, 43, 806, 410, 0, 23.35%, 1, 0, 11, 2246.47, 11795766, 1054
5291, 14, 554, 806, 410, 0, 23.35%, 1, 0, 11, 2321.81, 11807526, 1054
5296, 14, 174, 806, 410, 0, 23.35%, 1, 0, 11, 2246.50, 11819437, 1054
5301, 14, 395, 806, 409, 0, 23.35%, 1, 0, 11, 2104.66, 11830208, 1054
5306, 14, 277, 806, 409, 0, 23.35%, 1, 0, 11, 2249.41, 11842286, 1054
5311, 14, 5, 806, 409, 0, 23.35%, 1, 0, 11, 2191.29, 11853248, 1054
5317, 14, 636, 806, 409, 0, 23.35%, 1, 0, 11, 2303.98, 11865379, 1054
5322, 14, 468, 806, 409, 0, 23.35%, 1, 0, 11, 2369.36, 11877763, 1054
5327, 14, 71, 806, 409, 0, 23.35%, 1, 0, 11, 2160.12, 11888518, 1054
5332, 14, 144, 806, 409, 0, 23.35%, 1, 0, 11, 2226.17, 11900025, 1054
5337, 14, 65, 806, 409, 0, 23.35%, 1, 0, 11, 2231.15, 11911443, 1054
5342, 14, 5, 806, 409, 0, 23.35%, 1, 0, 11, 2134.45, 11922457, 1054
5347, 14, 690, 806, 409, 0, 23.35%, 1, 0, 11, 2223.14, 11934129, 1054
5352, 14, 595, 806, 408, 0, 23.35%, 1, 0, 11, 2221.08, 11945253, 1054
5357, 14, 768, 806, 408, 0, 23.35%, 1, 0, 11, 2314.15, 11957090, 1054
5362, 14, 682, 806, 408, 0, 23.35%, 1, 0, 11, 2302.81, 11968678, 1054
5368, 14, 65, 806, 406, 0, 23.35%, 1, 0, 11, 2403.67, 11981081, 1054
5373, 14, 65, 806, 406, 0, 23.35%, 1, 0, 11, 2285.65, 11992960, 1054
5378, 14, 43, 806, 405, 0, 23.35%, 1, 0, 11, 2381.48, 12004805, 1054
5383, 14, 468, 807, 406, 0, 23.35%, 1, 0, 11, 2079.58, 12015009, 1054
5388, 14, 748, 808, 407, 0, 23.35%, 1, 0, 11, 2085.91, 12025660, 1054
5393, 15, 636, 808, 407, 0, 23.35%, 1, 0, 11, 2132.43, 12036038, 1054
5398, 15, 678, 808, 407, 0, 23.35%, 1, 0, 11, 2128.73, 12047104, 1054
5403, 15, 174, 808, 407, 0, 23.35%, 1, 0, 11, 2090.51, 12057619, 1054
5408, 15, 468, 808, 407, 0, 23.35%, 1, 0, 11, 2154.67, 12068968, 1054
5413, 15, 636, 808, 407, 0, 23.35%, 1, 0, 11, 2085.11, 12079948, 1054
5419, 15, 107, 808, 407, 0, 23.35%, 1, 0, 11, 2206.75, 12091467, 1054
5424, 15, 468, 808, 407, 0, 23.35%, 1, 0, 11, 2220.40, 12103399, 1054
5429, 15, 729, 808, 407, 0, 23.35%, 1, 0, 11, 2185.69, 12113823, 1054
5434, 15, 689, 808, 407, 0, 23.35%, 1, 0, 11, 2119.14, 12124787, 1054
5439, 15, 43, 808, 407, 0, 23.35%, 1, 0, 11, 2058.65, 12135083, 1054
5444, 15, 526, 808, 407, 0, 23.35%, 1, 0, 11, 2003.38, 12145309, 1054
5449, 15, 636, 808, 407, 0, 23.35%, 1, 0, 11, 1801.07, 12155277, 1054
5454, 15, 768, 808, 407, 0, 23.35%, 1, 0, 11, 1944.95, 12165090, 1054
5459, 15, 768, 808, 407, 0, 23.35%, 1, 0, 11, 2139.80, 12176343, 1054
5465, 15, 65, 808, 407, 0, 23.35%, 1, 0, 11, 2199.79, 12188000, 1054
5470, 15, 174, 808, 407, 0, 23.35%, 1, 0, 11, 2210.74, 12199544, 1054
5475, 15, 3, 809, 408, 1, 23.35%, 1, 0, 11, 2236.09, 12210462, 1054
5480, 15, 808, 809, 407, 1, 23.35%, 1, 0, 11, 1814.00, 12219763, 1054
5485, 15, 468, 809, 406, 0, 23.35%, 1, 0, 11, 2119.34, 12231050, 1054
5490, 15, 225, 809, 406, 0, 23.35%, 1, 0, 11, 2198.29, 12242226, 1054
5495, 15, 808, 809, 406, 0, 23.35%, 1, 0, 11, 2214.06, 12253245, 1054
5500, 15, 65, 810, 407, 0, 23.35%, 1, 0, 11, 2171.93, 12264430, 1054
5505, 15, 768, 810, 407, 0, 23.35%, 1, 0, 11, 2158.04, 12275711, 1054
5510, 15, 43, 810, 407, 0, 23.35%, 1, 0, 11, 1895.94, 12285400, 1054
5516, 15, 468, 810, 407, 0, 23.35%, 1, 0, 11, 2136.61, 12296709, 1054
5521, 15, 65, 810, 407, 0, 23.35%, 1, 0, 11, 2190.83, 12307657, 1054
5526, 15, 752, 811, 407, 0, 23.35%, 1, 0, 11, 2308.29, 12319706, 1054
5531, 15, 43, 811, 405, 0, 23.35%, 1, 0, 11, 2189.67, 12330305, 1054
5536, 15, 5, 811, 405, 0, 23.35%, 1, 0, 11, 2200.78, 12341261, 1054
5541, 15, 174, 811, 405, 0, 23.35%, 1, 0, 11, 1970.02, 12351508, 1054
5546, 15, 595, 811, 404, 0, 23.35%, 1, 0, 11, 2296.04, 12363517, 1054
5551, 15, 468, 811, 403, 0, 23.35%, 1, 0, 11, 2325.71, 12375332, 1054
5556, 15, 43, 811, 403, 0, 23.35%, 1, 0, 11, 2320.85, 12386640, 1054
5561, 15, 452, 811, 403, 0, 23.35%, 1, 0, 11, 2335.93, 12398420, 1054
5566, 15, 323, 811, 403, 0, 23.35%, 1, 0, 11, 2290.94, 12410474, 1054
5572, 15, 588, 811, 403, 0, 23.35%, 1, 0, 11, 2259.97, 12422316, 1054
5577, 15, 174, 811, 403, 0, 23.35%, 1, 0, 11, 2241.78, 12433944, 1054
5582, 15, 526, 811, 403, 0, 23.35%, 1, 0, 11, 2338.57, 12446086, 1054
5587, 15, 174, 811, 403, 0, 23.35%, 1, 0, 11, 2320.12, 12458178, 1054
5592, 15, 174, 812, 404, 0, 23.35%, 1, 0, 11, 2360.24, 12470378, 1054
5598, 15, 788, 812, 404, 0, 23.35%, 1, 0, 11, 2118.37, 12481259, 1054
5603, 15, 65, 812, 404, 0, 23.35%, 1, 0, 11, 1908.53, 12491015, 1054
5608, 15, 174, 812, 404, 0, 23.35%, 1, 0, 11, 2091.32, 12501805, 1054
5613, 15, 768, 813, 405, 0, 23.35%, 1, 0, 11, 2178.67, 12513243, 1054
5618, 15, 554, 813, 405, 0, 23.35%, 1, 0, 11, 2268.69, 12525063, 1054
5624, 15, 621, 813, 405, 0, 23.35%, 1, 0, 11, 2278.91, 12536874, 1054
5629, 15, 65, 813, 405, 0, 23.35%, 1, 0, 11, 2296.10, 12548448, 1054
5634, 15, 174, 813, 405, 0, 23.35%, 1, 0, 11, 2205.72, 12559442, 1054
5639, 15, 660, 813, 405, 0, 23.35%, 1, 0, 11, 2400.66, 12572226, 1054
5644, 15, 65, 813, 405, 0, 23.35%, 1, 0, 11, 2310.25, 12584523, 1054
5649, 15, 565, 813, 405, 0, 23.35%, 1, 0, 11, 2012.48, 12594267, 1054
5654, 15, 21, 813, 405, 0, 23.35%, 1, 0, 11, 2151.27, 12605842, 1054
5659, 15, 595, 813, 405, 0, 23.35%, 1, 0, 11, 2083.77, 12616273, 1054
5664, 15, 501, 813, 405, 0, 23.35%, 1, 0, 11, 2038.63, 12625966, 1054
5670, 15, 810, 813, 405, 0, 23.35%, 1, 0, 11, 2202.73, 12637981, 1054
5675, 15, 174, 813, 405, 0, 23.35%, 1, 0, 11, 2198.21, 12649349, 1054
5680, 15, 749, 813, 405, 0, 23.35%, 1, 0, 11, 2282.58, 12661272, 1054
5685, 15, 757, 813, 404, 0, 23.35%, 1, 0, 11, 2312.90, 12673248, 1054
5690, 15, 526, 813, 404, 0, 23.35%, 1, 0, 11, 2373.32, 12685587, 1054
5695, 15, 554, 813, 404, 0, 23.35%, 1, 0, 11, 2164.75, 12696270, 1054
5700, 15, 65, 814, 405, 1, 23.35%, 1, 0, 11, 2217.84, 12708122, 1054
5705, 15, 813, 823, 414, 1, 23.42%, 1, 0, 11, 2220.54, 12719273, 1057
5711, 15, 813, 825, 416, 1, 23.42%, 1, 0, 11, 2237.24, 12730885, 1057
5716, 15, 451, 826, 416, 1, 23.42%, 1, 0, 11, 2315.52, 12742725, 1057
5721, 15, 820, 840, 430, 1, 23.46%, 1, 0, 12, 2188.98, 12753707, 1059
5726, 15, 820, 844, 434, 1, 23.53%, 1, 0, 12, 1964.99, 12763380, 1062
5731, 15, 820, 846, 436, 1, 23.53%, 1, 0, 12, 2071.64, 12773815, 1062
5736, 15, 832, 846, 435, 4, 23.53%, 1, 0, 12, 2048.24, 12784145, 1062
5741, 15, 838, 854, 442, 3, 23.53%, 1, 0, 13, 2079.23, 12794705, 1062
5746, 15, 838, 855, 443, 3, 23.53%, 1, 0, 13, 2042.30, 12805040, 1062
5751, 15, 838, 855, 443, 3, 23.53%, 1, 0, 13, 2000.53, 12815024, 1062
5756, 15, 1, 856, 442, 3, 23.53%, 1, 0, 13, 2003.66, 12824467, 1062
5761, 15, 174, 856, 441, 2, 23.53%, 1, 0, 13, 2034.39, 12834885, 1062
5766, 15, 843, 881, 466, 2, 23.59%, 1, 0, 13, 2113.79, 12845748, 1065
5771, 15, 843, 884, 469, 2, 23.59%, 1, 0, 13, 2089.04, 12856296, 1065
5776, 15, 874, 884, 468, 3, 23.59%, 1, 0, 13, 2211.17, 12867578, 1065
5781, 15, 874, 886, 470, 3, 23.59%, 1, 0, 14, 2259.78, 12879106, 1065
5786, 15, 80, 886, 469, 2, 23.59%, 1, 0, 14, 2155.41, 12889668, 1065
5791, 15, 884, 888, 470, 1, 23.59%, 1, 0, 15, 2095.03, 12900303, 1065
5796, 15, 884, 888, 470, 1, 23.59%, 1, 0, 15, 2033.01, 12910753, 1065
5801, 15, 174, 888, 469, 0, 23.59%, 1, 0, 15, 2354.60, 12923246, 1065
5806, 15, 518, 888, 469, 0, 23.59%, 1, 0, 15, 2305.68, 12935198, 1065
5811, 15, 768, 888, 469, 0, 23.59%, 1, 0, 15, 2338.27, 12946802, 1065
5817, 15, 832, 888, 469, 0, 23.59%, 1, 0, 15, 2215.79, 12958120, 1065
5822, 15, 768, 888, 469, 0, 23.59%, 1, 0, 15, 2099.26, 12968533, 1065
5827, 15, 768, 889, 470, 0, 23.59%, 1, 0, 15, 2227.24, 12979841, 1065
5832, 15, 43, 889, 470, 0, 23.59%, 1, 0, 15, 2296.26, 12992005, 1065
5837, 15, 636, 889, 470, 0, 23.59%, 1, 0, 15, 2383.12, 13004202, 1065
5842, 15, 81, 889, 469, 0, 23.59%, 1, 0, 15, 2403.25, 13016587, 1065
5847, 15, 526, 889, 469, 0, 23.59%, 1, 0, 15, 2329.29, 13028022, 1065
5852, 15, 768, 889, 468, 0, 23.59%, 1, 0, 15, 2241.86, 13039624, 1065
5857, 15, 318, 889, 468, 0, 23.59%, 1, 0, 15, 2220.37, 13050252, 1065
5863, 15, 174, 889, 468, 0, 23.59%, 1, 0, 15, 2346.00, 13062356, 1065
5868, 15, 287, 889, 468, 0, 23.59%, 1, 0, 15, 2148.73, 13072832, 1065
5873, 15, 98, 889, 468, 0, 23.59%, 1, 0, 15, 2058.60, 13082973, 1065
5878, 15, 554, 890, 469, 1, 23.62%, 1, 0, 15, 2006.85, 13092921, 1066
5883, 15, 65, 890, 468, 0, 23.62%, 1, 0, 15, 2269.85, 13104734, 1066
5888, 15, 65, 890, 468, 0, 23.62%, 1, 0, 15, 2272.11, 13116393, 1066
5893, 16, 797, 890, 468, 0, 23.62%, 1, 0, 15, 2184.59, 13127675, 1066
5898, 16, 65, 890, 468, 0, 23.62%, 1, 0, 15, 2245.28, 13139271, 1066
5903, 16, 43, 890, 468, 0, 23.62%, 1, 0, 15, 2183.46, 13150381, 1066
5908, 16, 710, 891, 469, 0, 23.62%, 1, 0, 15, 2087.70, 13160630, 1066
5913, 16, 174, 891, 469, 0, 23.62%, 1, 0, 15, 2097.99, 13171457, 1066
5919, 16, 468, 891, 469, 0, 23.62%, 1, 0, 15, 2145.37, 13182392, 1066
5924, 16, 768, 891, 469, 0, 23.62%, 1, 0, 15, 2319.34, 13194832, 1066
5929, 16, 393, 891, 469, 0, 23.62%, 1, 0, 15, 2165.82, 13205964, 1066
5934, 16, 65, 891, 469, 0, 23.62%, 1, 0, 15, 2068.89, 13216970, 1066
5939, 16, 832, 891, 469, 0, 23.62%, 1, 0, 15, 1934.02, 13228285, 1066
5944, 16, 891, 892, 469, 1, 23.64%, 1, 0, 15, 2175.82, 13239567, 1067
5949, 16, 768, 892, 468, 0, 23.64%, 1, 0, 15, 2306.13, 13251561, 1067
5955, 16, 293, 892, 468, 0, 23.64%, 1, 0, 15, 2417.16, 13264258, 1067
5960, 16, 65, 892, 468, 0, 23.64%, 1, 0, 15, 2334.61, 13275668, 1067
5965, 16, 65, 892, 468, 0, 23.64%, 1, 0, 15, 2432.03, 13288273, 1067
5970, 16, 729, 892, 467, 0, 23.64%, 1, 0, 15, 2312.59, 13299584, 1067
5975, 16, 65, 892, 467, 0, 23.64%, 1, 0, 15, 2329.09, 13311504, 1067
5980, 16, 768, 892, 467, 0, 23.64%, 1, 0, 15, 2447.62, 13323902, 1067
5985, 16, 174, 892, 467, 0, 23.64%, 1, 0, 15, 2425.81, 13336217, 1067
5990, 16, 65, 892, 467, 0, 23.64%, 1, 0, 15, 2334.20, 13348627, 1067
5996, 16, 174, 892, 467, 0, 23.64%, 1, 0, 15, 2221.21, 13360180, 1067
6001, 16, 874, 892, 467, 0, 23.64%, 1, 0, 15, 2256.84, 13371347, 1067
6006, 16, 768, 892, 467, 0, 23.64%, 1, 0, 15, 2150.39, 13382293, 1067
6011, 16, 554, 892, 467, 0, 23.64%, 1, 0, 15, 2107.83, 13393159, 1067
6016, 16, 797, 892, 467, 0, 23.64%, 1, 0, 15, 2190.84, 13404615, 1067
6021, 16, 174, 893, 468, 0, 23.64%, 1, 0, 15, 2106.69, 13415354, 1067
6026, 16, 778, 893, 468, 0, 23.64%, 1, 0, 15, 1980.11, 13425310, 1067
6031, 16, 468, 893, 468, 0, 23.64%, 1, 0, 15, 2119.03, 13436122, 1067
6036, 16, 43, 893, 468, 0, 23.64%, 1, 0, 15, 2170.81, 13447153, 1067
6041, 16, 174, 893, 468, 0, 23.64%, 1, 0, 15, 2133.99, 13458211, 1067
6046, 16, 65, 893, 468, 0, 23.64%, 1, 0, 15, 2237.46, 13469797, 1067
6052, 16, 593, 893, 468, 0, 23.64%, 1, 0, 15, 2202.41, 13480994, 1067
6057, 16, 526, 894, 468, 0, 23.64%, 1, 0, 15, 2261.35, 13492735, 1067
6062, 16, 65, 894, 468, 0, 23.64%, 1, 0, 15, 2269.58, 13504618, 1067
6067, 16, 468, 894, 468, 0, 23.64%, 1, 0, 15, 2208.21, 13515489, 1067
6072, 16, 526, 894, 467, 0, 23.64%, 1, 0, 15, 2198.44, 13527036, 1067
6077, 16, 65, 894, 467, 0, 23.64%, 1, 0, 15, 2110.76, 13537645, 1067
6082, 16, 768, 894, 467, 0, 23.64%, 1, 0, 15, 2259.99, 13549055, 1067
6087, 16, 572, 895, 468, 0, 23.64%, 1, 0, 15, 2318.73, 13561339, 1067
6092, 16, 43, 895, 468, 0, 23.64%, 1, 0, 15, 2154.42, 13572187, 1067
6098, 16, 43, 895, 468, 0, 23.64%, 1, 0, 15, 2226.07, 13583658, 1067
6103, 16, 723, 895, 468, 0, 23.64%, 1, 0, 15, 2279.66, 13595641, 1067
6108, 16, 440, 895, 467, 0, 23.64%, 1, 0, 15, 2256.24, 13607220, 1067
6113, 16, 65, 895, 467, 0, 23.64%, 1, 0, 15, 2195.87, 13618036, 1067
6118, 16, 554, 895, 467, 0, 23.64%, 1, 0, 15, 2433.61, 13630830, 1067
6123, 16, 144, 895, 467, 0, 23.64%, 1, 0, 15, 2395.81, 13642766, 1067
6128, 16, 65, 895, 466, 0, 23.64%, 1, 0, 15, 2284.44, 13654759, 1067
6133, 16, 381, 895, 465, 0, 23.64%, 1, 0, 15, 2202.14, 13665162, 1067
6138, 16, 65, 895, 464, 0, 23.64%, 1, 0, 15, 2044.01, 13675026, 1067
6144, 16, 551, 895, 464, 0, 23.64%, 1, 0, 15, 2218.34, 13686964, 1067
6149, 16, 729, 895, 464, 0, 23.64%, 1, 0, 15, 2164.06, 13697849, 1067
6154, 16, 768, 895, 464, 0, 23.64%, 1, 0, 15, 2195.75, 13709161, 1067
6159, 16, 65, 895, 464, 0, 23.64%, 1, 0, 15, 2258.43, 13720623, 1067
6164, 16, 674, 895, 464, 0, 23.64%, 1, 0, 15, 2265.25, 13732352, 1067
6169, 16, 174, 895, 464, 0, 23.64%, 1, 0, 15, 2293.88, 13744314, 1067
6174, 16, 595, 895, 464, 0, 23.64%, 1, 0, 15, 2270.62, 13756048, 1067
6180, 16, 378, 895, 464, 0, 23.64%, 1, 0, 15, 2113.95, 13766698, 1067
6185, 16, 768, 895, 464, 0, 23.64%, 1, 0, 15, 2012.69, 13776768, 1067
6190, 16, 551, 895, 464, 0, 23.64%, 1, 0, 15, 1988.84, 13786801, 1067
6195, 16, 225, 895, 464, 0, 23.64%, 1, 0, 15, 2157.54, 13797447, 1067
6200, 16, 43, 895, 464, 0, 23.64%, 1, 0, 15, 2289.41, 13809154, 1067
6205, 16, 43, 895, 464, 0, 23.64%, 1, 0, 15, 2311.89, 13821119, 1067
6210, 16, 174, 895, 464, 0, 23.64%, 1, 0, 15, 2226.07, 13831850, 1067
6215, 16, 595, 895, 464, 0, 23.64%, 1, 0, 15, 2170.81, 13842733, 1067
6220, 16, 554, 895, 463, 0, 23.64%, 1, 0, 15, 2360.87, 13854976, 1067
6225, 16, 150, 895, 463, 0, 23.64%, 1, 0, 15, 2365.21, 13866809, 1067
6230, 16, 768, 895, 463, 0, 23.64%, 1, 0, 15, 2409.15, 13879296, 1067
6235, 16, 768, 895, 463, 0, 23.64%, 1, 0, 15, 2383.52, 13891056, 1067
6240, 16, 43, 895, 463, 0, 23.64%, 1, 0, 15, 2229.85, 13901913, 1067
6245, 16, 43, 895, 463, 0, 23.64%, 1, 0, 15, 2248.58, 13913058, 1067
6250, 16, 153, 895, 463, 0, 23.64%, 1, 0, 15, 2255.87, 13924849, 1067
6256, 16, 65, 895, 463, 0, 23.64%, 1, 0, 15, 2272.29, 13936517, 1067
6261, 16, 143, 895, 463, 0, 23.64%, 1, 0, 15, 2026.90, 13946466, 1067
6266, 16, 65, 895, 463, 0, 23.64%, 1, 0, 15, 1815.74, 13955259, 1067
6271, 16, 93, 895, 463, 0, 23.64%, 1, 0, 15, 1910.89, 13964973, 1067
6276, 16, 318, 895, 462, 0, 23.64%, 1, 0, 15, 2272.73, 13976487, 1067
6281, 16, 191, 895, 462, 0, 23.64%, 1, 0, 15, 2336.78, 13988789, 1067
6286, 16, 768, 895, 462, 0, 23.64%, 1, 0, 15, 2368.63, 14000849, 1067
6291, 16, 554, 895, 462, 0, 23.64%, 1, 0, 15, 2314.87, 14013098, 1067
6297, 16, 636, 895, 462, 0, 23.64%, 1, 0, 15, 2415.60, 14025696, 1067
6302, 16, 174, 895, 462, 0, 23.64%, 1, 0, 15, 2178.58, 14036317, 1067
6307, 17, 710, 895, 462, 0, 23.64%, 1, 0, 15, 2241.50, 14048115, 1067
6312, 17, 554, 895, 462, 0, 23.64%, 1, 0, 15, 2292.61, 14059970, 1067
6317, 17, 820, 895, 462, 0, 23.64%, 1, 0, 15, 2024.88, 14070050, 1067
6322, 17, 468, 895, 462, 0, 23.64%, 1, 0, 15, 2348.62, 14082039, 1067
6327, 17, 808, 895, 462, 0, 23.64%, 1, 0, 15, 2428.23, 14094786, 1067
6332, 17, 43, 895, 462, 0, 23.64%, 1, 0, 15, 2345.61, 14106425, 1067
6337, 17, 43, 895, 461, 0, 23.64%, 1, 0, 15, 2462.81, 14119333, 1067
6342, 17, 65, 896, 462, 0, 23.64%, 1, 0, 15, 2493.64, 14132302, 1067
6348, 17, 174, 896, 462, 0, 23.64%, 1, 0, 15, 2576.83, 14145899, 1067
6353, 17, 468, 896, 462, 0, 23.64%, 1, 0, 15, 2566.14, 14159048, 1067
6358, 17, 595, 896, 462, 0, 23.64%, 1, 0, 15, 2359.90, 14170941, 1067
6363, 17, 43, 896, 462, 0, 23.64%, 1, 0, 15, 2535.67, 14184013, 1067
6368, 17, 174, 896, 462, 0, 23.64%, 1, 0, 15, 2617.07, 14197734, 1067
6374, 17, 600, 896, 462, 0, 23.64%, 1, 0, 15, 2551.78, 14211046, 1067
6379, 17, 468, 896, 461, 0, 23.64%, 1, 0, 15, 2347.41, 14222899, 1067
6384, 17, 468, 896, 461, 0, 23.64%, 1, 0, 15, 2191.71, 14234159, 1067
6389, 17, 174, 896, 461, 0, 23.64%, 1, 0, 15, 2075.36, 14245064, 1067
6394, 17, 43, 896, 460, 0, 23.64%, 1, 0, 15, 2379.82, 14257380, 1067
6399, 17, 468, 896, 460, 0, 23.64%, 1, 0, 15, 2514.37, 14270589, 1067
6404, 17, 849, 896, 460, 0, 23.64%, 1, 0, 15, 2447.48, 14282865, 1067
6409, 17, 37, 896, 460, 0, 23.64%, 1, 0, 15, 2338.07, 14295209, 1067
6415, 17, 768, 896, 460, 0, 23.64%, 1, 0, 15, 2422.33, 14307506, 1067
6420, 17, 144, 896, 460, 0, 23.64%, 1, 0, 15, 2248.34, 14319660, 1067
6425, 17, 605, 896, 460, 0, 23.64%, 1, 0, 15, 2465.62, 14332567, 1067
6430, 17, 174, 896, 460, 0, 23.64%, 1, 0, 15, 2536.13, 14345448, 1067
6435, 17, 468, 896, 460, 0, 23.64%, 1, 0, 15, 2426.36, 14357565, 1067
6440, 17, 768, 896, 460, 0, 23.64%, 1, 0, 15, 2252.93, 14368824, 1067
6445, 17, 43, 896, 460, 0, 23.64%, 1, 0, 15, 2125.72, 14379870, 1067
6450, 17, 526, 896, 460, 0, 23.64%, 1, 0, 15, 1962.35, 14389993, 1067
6455, 17, 729, 896, 460, 0, 23.64%, 1, 0, 15, 2125.75, 14401060, 1067
6461, 17, 43, 896, 460, 0, 23.64%, 1, 0, 15, 2363.01, 14413506, 1067
6466, 17, 43, 896, 460, 0, 23.64%, 1, 0, 15, 2371.66, 14425398, 1067
6471, 17, 174, 896, 460, 0, 23.64%, 1, 0, 15, 2204.37, 14436246, 1067
6476, 17, 554, 896, 460, 0, 23.64%, 1, 0, 15, 2552.78, 14449803, 1067
6481, 17, 174, 896, 460, 0, 23.64%, 1, 0, 15, 2123.22, 14460475, 1067
6486, 17, 400, 896, 460, 0, 23.64%, 1, 0, 15, 2238.02, 14472494, 1067
6491, 17, 554, 896, 460, 0, 23.64%, 1, 0, 15, 2042.14, 14482617, 1067
6496, 17, 468, 896, 459, 0, 23.64%, 1, 0, 15, 2107.24, 14493145, 1067
6501, 17, 174, 896, 459, 0, 23.64%, 1, 0, 15, 2038.40, 14503229, 1067
6506, 17, 849, 896, 459, 0, 23.64%, 1, 0, 15, 2074.19, 14513664, 1067
6511, 17, 768, 896, 459, 0, 23.64%, 1, 0, 15, 2001.88, 14524142, 1067
6516, 17, 551, 896, 459, 0, 23.64%, 1, 0, 15, 2190.53, 14535681, 1067
6521, 17, 468, 896, 459, 0, 23.64%, 1, 0, 15, 2286.32, 14547733, 1067
6526, 17, 174, 896, 459, 0, 23.64%, 1, 0, 15, 2350.19, 14559570, 1067
6531, 17, 144, 896, 459, 0, 23.64%, 1, 0, 15, 2326.82, 14571337, 1067
6537, 17, 65, 896, 459, 0, 23.64%, 1, 0, 15, 2286.45, 14583628, 1067
6542, 17, 551, 896, 458, 0, 23.64%, 1, 0, 15, 2177.29, 14594646, 1067
6547, 17, 768, 896, 458, 0, 23.64%, 1, 0, 15, 2274.69, 14606024, 1067
6552, 17, 595, 896, 458, 0, 23.64%, 1, 0, 15, 2344.20, 14617728, 1067
6557, 17, 65, 896, 458, 0, 23.64%, 1, 0, 15, 2427.46, 14630444, 1067
6562, 17, 24, 896, 457, 0, 23.64%, 1, 0, 15, 2253.13, 14641936, 1067
6567, 17, 174, 896, 457, 0, 23.64%, 1, 0, 15, 2409.59, 14654952, 1067
6572, 17, 806, 897, 458, 0, 23.64%, 1, 0, 15, 2181.88, 14666123, 1067
6577, 17, 468, 897, 457, 0, 23.64%, 1, 0, 15, 2257.81, 14677985, 1067
6583, 17, 174, 897, 457, 0, 23.64%, 1, 0, 15, 2220.92, 14689213, 1067
6588, 17, 526, 897, 457, 0, 23.64%, 1, 0, 15, 2425.18, 14702157, 1067
6593, 17, 889, 897, 457, 0, 23.64%, 1, 0, 15, 2528.66, 14715291, 1067
6598, 17, 874, 897, 457, 0, 23.64%, 1, 0, 15, 2512.86, 14728096, 1067
6603, 17, 821, 897, 457, 0, 23.64%, 1, 0, 15, 2334.17, 14739562, 1067
6608, 17, 43, 898, 457, 0, 23.64%, 1, 0, 15, 2290.35, 14751756, 1067
6613, 17, 65, 898, 456, 0, 23.64%, 1, 0, 15, 2263.65, 14762958, 1067
6618, 17, 43, 898, 456, 0, 23.64%, 1, 0, 15, 2374.77, 14775108, 1067
6623, 17, 65, 898, 456, 0, 23.64%, 1, 0, 15, 2333.24, 14787609, 1067
6629, 17, 43, 898, 456, 0, 23.64%, 1, 0, 15, 2533.64, 14800873, 1067
6634, 17, 768, 898, 456, 0, 23.64%, 1, 0, 15, 2322.55, 14812536, 1067
6639, 17, 468, 898, 456, 0, 23.64%, 1, 0, 15, 2270.50, 14824047, 1067
6644, 17, 891, 898, 456, 0, 23.64%, 1, 0, 15, 2217.46, 14835086, 1067
6649, 17, 150, 898, 456, 0, 23.64%, 1, 0, 15, 2342.68, 14847429, 1067
6654, 17, 832, 898, 456, 0, 23.64%, 1, 0, 15, 2424.39, 14860016, 1067
6659, 17, 174, 898, 456, 0, 23.64%, 1, 0, 15, 2432.10, 14872303, 1067
6665, 17, 829, 898, 456, 0, 23.64%, 1, 0, 15, 2338.29, 14884166, 1067
6670, 17, 832, 898, 455, 0, 23.64%, 1, 0, 15, 2553.31, 14897156, 1067
6675, 17, 768, 898, 455, 0, 23.64%, 1, 0, 15, 2606.17, 14910565, 1067
6680, 17, 874, 898, 454, 0, 23.64%, 1, 0, 15, 2437.03, 14922750, 1067
6685, 17, 144, 898, 454, 0, 23.64%, 1, 0, 15, 2171.31, 14933770, 1067
6690, 17, 554, 899, 455, 0, 23.64%, 1, 0, 15, 2135.15, 14944466, 1067
6695, 17, 768, 899, 455, 0, 23.64%, 1, 0, 15, 2251.04, 14955850, 1067
6700, 17, 43, 899, 455, 0, 23.64%, 1, 0, 15, 2111.73, 14966398, 1067
6705, 17, 768, 899, 455, 0, 23.64%, 1, 0, 15, 2293.36, 14978240, 1067
6710, 18, 98, 899, 455, 0, 23.64%, 1, 0, 15, 2459.83, 14990457, 1067
6715, 18, 768, 899, 455, 0, 23.64%, 1, 0, 15, 2498.40, 15003490, 1067
6720, 18, 43, 899, 455, 0, 23.64%, 1, 0, 15, 2493.37, 15015932, 1067
6726, 18, 468, 899, 455, 0, 23.64%, 1, 0, 15, 2169.41, 15026061, 1067
6731, 18, 739, 899, 455, 0, 23.64%, 1, 0, 15, 2227.45, 15037401, 1067
6736, 18, 820, 899, 455, 0, 23.64%, 1, 0, 15, 2364.47, 15049393, 1067
6741, 18, 452, 899, 455, 0, 23.64%, 1, 0, 15, 2259.48, 15060941, 1067
6746, 18, 137, 899, 455, 0, 23.64%, 1, 0, 15, 2213.30, 15072199, 1067
6751, 18, 43, 899, 455, 0, 23.64%, 1, 0, 15, 2382.32, 15084720, 1067
6756, 18, 619, 899, 455, 0, 23.64%, 1, 0, 15, 2310.75, 15095356, 1067
6761, 18, 174, 901, 456, 0, 23.64%, 1, 0, 15, 2274.95, 15106968, 1067
6766, 18, 768, 901, 456, 0, 23.64%, 1, 0, 15, 2319.65, 15119172, 1067
6772, 18, 526, 901, 455, 0, 23.64%, 1, 0, 15, 2319.16, 15130986, 1067
6777, 18, 65, 901, 455, 0, 23.64%, 1, 0, 15, 2429.81, 15143444, 1067
6782, 18, 832, 901, 455, 0, 23.64%, 1, 0, 15, 2309.56, 15155299, 1067
6787, 18, 595, 901, 455, 0, 23.64%, 1, 0, 15, 2074.15, 15165654, 1067
6792, 18, 281, 901, 455, 0, 23.64%, 1, 0, 15, 2235.85, 15177450, 1067
6797, 18, 43, 901, 455, 0, 23.64%, 1, 0, 15, 2285.05, 15189431, 1067
6802, 18, 43, 901, 455, 0, 23.64%, 1, 0, 15, 2444.53, 15202382, 1067
6807, 18, 168, 901, 455, 0, 23.64%, 1, 0, 15, 2484.77, 15215155, 1067
6812, 18, 632, 901, 455, 0, 23.64%, 1, 0, 15, 2110.15, 15226177, 1067
6817, 18, 729, 901, 455, 0, 23.64%, 1, 0, 15, 2068.82, 15236334, 1067
6823, 18, 43, 901, 455, 0, 23.64%, 1, 0, 15, 2397.64, 15249033, 1067
6828, 18, 891, 901, 455, 0, 23.64%, 1, 0, 15, 2479.60, 15261680, 1067
6833, 18, 778, 901, 455, 0, 23.64%, 1, 0, 15, 2495.47, 15274351, 1067
6838, 18, 65, 902, 456, 0, 23.64%, 1, 0, 15, 2481.46, 15286790, 1067
6843, 18, 174, 902, 456, 0, 23.64%, 1, 0, 15, 2416.31, 15299316, 1067
6848, 18, 832, 902, 456, 0, 23.64%, 1, 0, 15, 2465.71, 15311835, 1067
6853, 18, 65, 902, 456, 0, 23.64%, 1, 0, 15, 2400.47, 15324436, 1067
6859, 18, 174, 902, 455, 0, 23.64%, 1, 0, 15, 2476.35, 15337422, 1067
6864, 18, 808, 902, 455, 0, 23.64%, 1, 0, 15, 2529.62, 15350322, 1067
6869, 18, 1, 902, 455, 0, 23.64%, 1, 0, 15, 2576.06, 15363848, 1067
6874, 18, 729, 902, 455, 0, 23.64%, 1, 0, 15, 2379.58, 15375641, 1067
6879, 18, 468, 902, 454, 0, 23.64%, 1, 0, 15, 2437.16, 15388138, 1067
6884, 18, 1, 902, 454, 0, 23.64%, 1, 0, 15, 2324.83, 15400413, 1067
6889, 18, 832, 902, 454, 0, 23.64%, 1, 0, 15, 2374.73, 15412497, 1067
6894, 18, 43, 902, 454, 0, 23.64%, 1, 0, 15, 2509.89, 15425533, 1067
6899, 18, 526, 902, 454, 0, 23.64%, 1, 0, 15, 2433.76, 15437702, 1067
6905, 18, 119, 902, 454, 0, 23.64%, 1, 0, 15, 2431.10, 15450389, 1067
6910, 18, 65, 902, 454, 0, 23.64%, 1, 0, 15, 2488.65, 15463614, 1067
6915, 18, 1, 902, 454, 0, 23.64%, 1, 0, 15, 2326.04, 15474795, 1067
6920, 18, 810, 902, 454, 0, 23.64%, 1, 0, 15, 2245.60, 15486558, 1067
6925, 18, 768, 902, 454, 0, 23.64%, 1, 0, 15, 2160.16, 15497938, 1067
6930, 18, 174, 902, 454, 0, 23.64%, 1, 0, 15, 2067.21, 15508065, 1067
6935, 18, 392, 902, 454, 0, 23.64%, 1, 0, 15, 2097.08, 15519236, 1067
6941, 18, 65, 902, 453, 0, 23.64%, 1, 0, 15, 2305.84, 15531254, 1067
6946, 18, 43, 902, 453, 0, 23.64%, 1, 0, 15, 2606.65, 15545220, 1067
6951, 18, 65, 902, 452, 0, 23.64%, 1, 0, 15, 2465.65, 15557966, 1067
6956, 18, 174, 902, 452, 0, 23.64%, 1, 0, 15, 2423.03, 15569766, 1067
6961, 18, 43, 902, 452, 0, 23.64%, 1, 0, 15, 2515.74, 15582557, 1067
6966, 18, 143, 902, 452, 0, 23.64%, 1, 0, 15, 2353.74, 15594258, 1067
6971, 18, 225, 902, 452, 0, 23.64%, 1, 0, 15, 2302.54, 15606675, 1067
6976, 18, 43, 902, 450, 0, 23.64%, 1, 0, 15, 2135.34, 15617120, 1067
6981, 18, 136, 902, 450, 0, 23.64%, 1, 0, 15, 2383.08, 15629241, 1067
6986, 18, 638, 902, 450, 0, 23.64%, 1, 0, 15, 2591.22, 15642615, 1067
6992, 18, 174, 902, 448, 0, 23.64%, 1, 0, 15, 2474.83, 15655338, 1067
6997, 18, 174, 902, 448, 0, 23.64%, 1, 0, 15, 2173.40, 15665692, 1067
7002, 18, 65, 902, 448, 0, 23.64%, 1, 0, 15, 2180.33, 15676923, 1067
7007, 18, 43, 902, 448, 0, 23.64%, 1, 0, 15, 2177.99, 15688388, 1067
7012, 18, 3, 902, 448, 0, 23.64%, 1, 0, 15, 2185.43, 15699122, 1067
7017, 18, 832, 902, 448, 0, 23.64%, 1, 0, 15, 2163.69, 15710496, 1067
7022, 18, 554, 902, 448, 0, 23.64%, 1, 0, 15, 2356.86, 15722945, 1067
7028, 18, 65, 902, 448, 0, 23.64%, 1, 0, 15, 2255.16, 15734336, 1067
7033, 18, 65, 902, 448, 0, 23.64%, 1, 0, 15, 2322.27, 15746068, 1067
7038, 18, 830, 902, 448, 0, 23.64%, 1, 0, 15, 2329.25, 15758023, 1067
7043, 18, 526, 902, 448, 0, 23.64%, 1, 0, 15, 2475.40, 15770617, 1067
7048, 18, 43, 902, 448, 0, 23.64%, 1, 0, 15, 2298.68, 15782733, 1067
7053, 18, 43, 902, 448, 0, 23.64%, 1, 0, 15, 2313.36, 15794224, 1067
7058, 18, 65, 902, 448, 0, 23.64%, 1, 0, 15, 2245.05, 15805591, 1067
7063, 18, 65, 902, 448, 0, 23.64%, 1, 0, 15, 2051.45, 15815689, 1067
7069, 18, 757, 902, 448, 0, 23.64%, 1, 0, 15, 2226.09, 15827558, 1067
7074, 18, 65, 902, 448, 0, 23.64%, 1, 0, 15, 2345.20, 15839538, 1067
7079, 18, 43, 902, 448, 0, 23.64%, 1, 0, 15, 2328.10, 15851781, 1067
7084, 18, 555, 902, 448, 0, 23.64%, 1, 0, 15, 2190.84, 15862783, 1067
7089, 18, 554, 902, 448, 0, 23.64%, 1, 0, 15, 2347.84, 15874695, 1067
7094, 18, 318, 902, 448, 0, 23.64%, 1, 0, 15, 2293.15, 15886325, 1067
7099, 18, 767, 902, 448, 0, 23.64%, 1, 0, 15, 2419.07, 15898213, 1067
7104, 19, 45, 902, 448, 0, 23.64%, 1, 0, 15, 2441.18, 15910387, 1067
7109, 19, 65, 902, 448, 0, 23.64%, 1, 0, 15, 2487.80, 15923275, 1067
7114, 19, 43, 902, 448, 0, 23.64%, 1, 0, 15, 2308.08, 15934561, 1067
7119, 19, 554, 902, 448, 0, 23.64%, 1, 0, 15, 2358.53, 15945956, 1067
7124, 19, 98, 902, 448, 0, 23.64%, 1, 0, 15, 2328.69, 15958338, 1067
7130, 19, 301, 902, 448, 0, 23.64%, 1, 0, 15, 2320.88, 15970208, 1067
7135, 19, 174, 902, 448, 0, 23.64%, 1, 0, 15, 2224.75, 15981719, 1067
7140, 19, 65, 902, 448, 0, 23.64%, 1, 0, 15, 2210.31, 15993045, 1067
7145, 19, 43, 902, 448, 0, 23.64%, 1, 0, 15, 2385.64, 16004948, 1067
7150, 19, 468, 902, 448, 0, 23.64%, 1, 0, 15, 2296.77, 16016723, 1067
7155, 19, 468, 902, 448, 0, 23.64%, 1, 0, 15, 2392.68, 16029031, 1067
7160, 19, 526, 902, 448, 0, 23.64%, 1, 0, 15, 2385.63, 16041101, 1067
7165, 19, 832, 902, 448, 0, 23.64%, 1, 0, 15, 2380.58, 16053357, 1067
7171, 19, 56, 902, 448, 0, 23.64%, 1, 0, 15, 2435.54, 16065823, 1067
7176, 19, 65, 902, 448, 0, 23.64%, 1, 0, 15, 2387.68, 16077832, 1067
7181, 19, 810, 902, 448, 0, 23.64%, 1, 0, 15, 2209.81, 16088802, 1067
7186, 19, 43, 902, 448, 0, 23.64%, 1, 0, 15, 2196.66, 16100416, 1067
7191, 19, 468, 902, 448, 0, 23.64%, 1, 0, 15, 2205.16, 16111876, 1067
7196, 19, 229, 902, 448, 0, 23.64%, 1, 0, 15, 2313.34, 16123697, 1067
7197, 19, 768, 902, 448, 0, 23.64%, 1, 0, 15, 2382.44, 16126501, 1067
