# relative_time, cycles_done, cur_path, paths_total, pending_total, pending_favs, map_size, unique_crashes, unique_hangs, max_depth, execs_per_sec, total_execs, edges_found
61, 0, 355, 400, 378, 98, 23.00%, 0, 0, 5, 2271.76, 134137, 1038
66, 0, 355, 407, 385, 98, 23.04%, 0, 0, 5, 2205.78, 144903, 1040
71, 0, 403, 413, 390, 100, 23.06%, 0, 0, 5, 2237.65, 156361, 1041
76, 0, 391, 417, 388, 94, 23.15%, 0, 0, 5, 2339.92, 168251, 1045
81, 0, 393, 444, 409, 96, 23.73%, 0, 0, 6, 2285.93, 180005, 1071
86, 0, 300, 455, 414, 92, 23.97%, 0, 0, 6, 2297.57, 191908, 1082
91, 0, 300, 467, 426, 92, 24.15%, 0, 0, 6, 2313.61, 203504, 1090
96, 0, 300, 468, 427, 92, 24.15%, 0, 0, 6, 2305.70, 215380, 1090
101, 0, 1, 488, 441, 109, 24.72%, 0, 0, 6, 2306.37, 226863, 1116
106, 0, 472, 495, 444, 109, 24.75%, 0, 0, 6, 2363.97, 239063, 1117
111, 0, 293, 523, 469, 106, 24.77%, 0, 0, 6, 2234.08, 250226, 1118
116, 0, 293, 527, 473, 106, 24.83%, 0, 0, 6, 2303.04, 262042, 1121
117, 0, 293, 528, 474, 106, 24.83%, 0, 0, 6, 2320.00, 264347, 1121
